Testcase 0:

SIGNAL 0 [normal exit]

%rax     00 00 00 00 00 00 00 00
%rcx     00 00 00 00 00 00 00 00
%rdx     00 00 00 00 00 00 00 00
%rbx     00 00 00 00 00 00 00 00
%rsp     00 00 00 00 00 00 00 00
%rbp     00 00 00 00 00 00 00 00
%rsi     00 00 00 00 00 01 2b 64
%rdi     00 00 00 00 f2 37 2b 5c
%r8      00 00 00 00 00 00 00 00
%r9      00 00 00 00 00 00 00 00
%r10     00 00 00 00 00 00 00 00
%r11     00 00 00 00 00 00 00 00
%r12     00 00 00 00 00 00 00 00
%r13     00 00 00 00 00 00 00 00
%r14     00 00 00 00 00 00 00 00
%r15     7f ff ff ff 0d c8 d4 9f

%ymm0    00 00 00 00 00 00 00 00 00 00 00 00 00 00 00 00 00 00 00 00 00 00 00 00 00 00 00 00 00 00 00 00
%ymm1    00 00 00 00 00 00 00 00 00 00 00 00 00 00 00 00 00 00 00 00 00 00 00 00 00 00 00 00 00 00 00 00
%ymm2    00 00 00 00 00 00 00 00 00 00 00 00 00 00 00 00 00 00 00 00 00 00 00 00 00 00 00 00 00 00 00 00
%ymm3    00 00 00 00 00 00 00 00 00 00 00 00 00 00 00 00 00 00 00 00 00 00 00 00 00 00 00 00 00 00 00 00
%ymm4    00 00 00 00 00 00 00 00 00 00 00 00 00 00 00 00 00 00 00 00 00 00 00 00 00 00 00 00 00 00 00 00
%ymm5    00 00 00 00 00 00 00 00 00 00 00 00 00 00 00 00 00 00 00 00 00 00 00 00 00 00 00 00 00 00 00 00
%ymm6    00 00 00 00 00 00 00 00 00 00 00 00 00 00 00 00 00 00 00 00 00 00 00 00 00 00 00 00 00 00 00 00
%ymm7    00 00 00 00 00 00 00 00 00 00 00 00 00 00 00 00 00 00 00 00 00 00 00 00 00 00 00 00 00 00 00 00
%ymm8    00 00 00 00 00 00 00 00 00 00 00 00 00 00 00 00 00 00 00 00 00 00 00 00 00 00 00 00 00 00 00 00
%ymm9    00 00 00 00 00 00 00 00 00 00 00 00 00 00 00 00 00 00 00 00 00 00 00 00 00 00 00 00 00 00 00 00
%ymm10   00 00 00 00 00 00 00 00 00 00 00 00 00 00 00 00 00 00 00 00 00 00 00 00 00 00 00 00 00 00 00 00
%ymm11   00 00 00 00 00 00 00 00 00 00 00 00 00 00 00 00 00 00 00 00 00 00 00 00 00 00 00 00 00 00 00 00
%ymm12   00 00 00 00 00 00 00 00 00 00 00 00 00 00 00 00 00 00 00 00 00 00 00 00 00 00 00 00 00 00 00 00
%ymm13   00 00 00 00 00 00 00 00 00 00 00 00 00 00 00 00 00 00 00 00 00 00 00 00 00 00 00 00 00 00 00 00
%ymm14   00 00 00 00 00 00 00 00 00 00 00 00 00 00 00 00 00 00 00 00 00 00 00 00 00 00 00 00 00 00 00 00
%ymm15   00 00 00 00 00 00 00 00 00 00 00 00 00 00 00 00 00 00 00 00 00 00 00 00 00 00 00 00 00 00 00 00

%cf      0 
%1       1 
%pf      0 
%0       0 
%af      0 
%0       0 
%zf      0 
%sf      0 
%tf      0 
%if      1 
%df      0 
%of      0 
%iopl[0] 0 
%iopl[1] 0 
%nt      0 
%0       0 
%rf      0 
%vm      0 
%ac      0 
%vif     0 
%vip     0 
%id      0 

[ 80000000 00000000 - 7fffffff ffffffe0 ]
[ 1 valid rows shown ]

7fffffff fffffff8   v v v v v . . .   00 00 00 00 00 00 00 00 

[ 7fffffff 0dca0010 - 7fffffff 0dca0000 ]
[ 2 valid rows shown ]

7fffffff 0dca0008   . . . . . v v v   00 00 00 00 00 00 00 00 
7fffffff 0dca0000   v v v v v . . .   00 01 01 01 01 00 00 00 

[ 00000000 00000000 - 00000000 00000000 ]
[ 0 valid rows shown ]

0 more segment(s)


Testcase 1:

SIGNAL 0 [normal exit]

%rax     00 00 00 00 00 00 00 00
%rcx     00 00 00 00 00 00 00 00
%rdx     00 00 00 00 00 00 00 00
%rbx     00 00 00 00 00 00 00 00
%rsp     00 00 00 00 00 00 00 00
%rbp     00 00 00 00 00 00 00 00
%rsi     00 00 00 00 04 07 04 7c
%rdi     00 00 00 00 c0 00 04 08
%r8      00 00 00 00 00 00 00 00
%r9      00 00 00 00 00 00 00 00
%r10     00 00 00 00 00 00 00 00
%r11     00 00 00 00 00 00 00 00
%r12     00 00 00 00 00 00 00 00
%r13     00 00 00 00 00 00 00 00
%r14     00 00 00 00 00 00 00 00
%r15     7f ff ff ff fb f8 fb 80

%ymm0    00 00 00 00 00 00 00 00 00 00 00 00 00 00 00 00 00 00 00 00 00 00 00 00 00 00 00 00 00 00 00 00
%ymm1    00 00 00 00 00 00 00 00 00 00 00 00 00 00 00 00 00 00 00 00 00 00 00 00 00 00 00 00 00 00 00 00
%ymm2    00 00 00 00 00 00 00 00 00 00 00 00 00 00 00 00 00 00 00 00 00 00 00 00 00 00 00 00 00 00 00 00
%ymm3    00 00 00 00 00 00 00 00 00 00 00 00 00 00 00 00 00 00 00 00 00 00 00 00 00 00 00 00 00 00 00 00
%ymm4    00 00 00 00 00 00 00 00 00 00 00 00 00 00 00 00 00 00 00 00 00 00 00 00 00 00 00 00 00 00 00 00
%ymm5    00 00 00 00 00 00 00 00 00 00 00 00 00 00 00 00 00 00 00 00 00 00 00 00 00 00 00 00 00 00 00 00
%ymm6    00 00 00 00 00 00 00 00 00 00 00 00 00 00 00 00 00 00 00 00 00 00 00 00 00 00 00 00 00 00 00 00
%ymm7    00 00 00 00 00 00 00 00 00 00 00 00 00 00 00 00 00 00 00 00 00 00 00 00 00 00 00 00 00 00 00 00
%ymm8    00 00 00 00 00 00 00 00 00 00 00 00 00 00 00 00 00 00 00 00 00 00 00 00 00 00 00 00 00 00 00 00
%ymm9    00 00 00 00 00 00 00 00 00 00 00 00 00 00 00 00 00 00 00 00 00 00 00 00 00 00 00 00 00 00 00 00
%ymm10   00 00 00 00 00 00 00 00 00 00 00 00 00 00 00 00 00 00 00 00 00 00 00 00 00 00 00 00 00 00 00 00
%ymm11   00 00 00 00 00 00 00 00 00 00 00 00 00 00 00 00 00 00 00 00 00 00 00 00 00 00 00 00 00 00 00 00
%ymm12   00 00 00 00 00 00 00 00 00 00 00 00 00 00 00 00 00 00 00 00 00 00 00 00 00 00 00 00 00 00 00 00
%ymm13   00 00 00 00 00 00 00 00 00 00 00 00 00 00 00 00 00 00 00 00 00 00 00 00 00 00 00 00 00 00 00 00
%ymm14   00 00 00 00 00 00 00 00 00 00 00 00 00 00 00 00 00 00 00 00 00 00 00 00 00 00 00 00 00 00 00 00
%ymm15   00 00 00 00 00 00 00 00 00 00 00 00 00 00 00 00 00 00 00 00 00 00 00 00 00 00 00 00 00 00 00 00

%cf      0 
%1       1 
%pf      0 
%0       0 
%af      0 
%0       0 
%zf      0 
%sf      0 
%tf      0 
%if      1 
%df      0 
%of      0 
%iopl[0] 0 
%iopl[1] 0 
%nt      0 
%0       0 
%rf      0 
%vm      0 
%ac      0 
%vif     0 
%vip     0 
%id      0 

[ 80000000 bbf8ff90 - 80000000 bbf8ff80 ]
[ 1 valid rows shown ]

80000000 bbf8ff88   . . v v v v v v   00 00 00 00 00 00 00 00 

[ 80000000 00000008 - 7fffffff ffffffe0 ]
[ 2 valid rows shown ]

80000000 00000000   . . . . v v v v   00 00 00 00 00 00 00 40 
7fffffff fffffff8   v v v v . . . .   04 01 01 fe 00 00 00 00 

[ 00000000 00000000 - 00000000 00000000 ]
[ 0 valid rows shown ]

0 more segment(s)


Testcase 2:

SIGNAL 0 [normal exit]

%rax     00 00 00 00 00 00 00 00
%rcx     00 00 00 00 00 00 00 00
%rdx     00 00 00 00 00 00 00 00
%rbx     00 00 00 00 00 00 00 00
%rsp     00 00 00 00 00 00 00 00
%rbp     00 00 00 00 00 00 00 00
%rsi     00 00 00 00 80 00 00 30
%rdi     00 00 00 00 80 00 00 3c
%r8      00 00 00 00 00 00 00 00
%r9      00 00 00 00 00 00 00 00
%r10     00 00 00 00 00 00 00 00
%r11     00 00 00 00 00 00 00 00
%r12     00 00 00 00 00 00 00 00
%r13     00 00 00 00 00 00 00 00
%r14     00 00 00 00 00 00 00 00
%r15     7f ff ff ff 7f ff ff c3

%ymm0    00 00 00 00 00 00 00 00 00 00 00 00 00 00 00 00 00 00 00 00 00 00 00 00 00 00 00 00 00 00 00 00
%ymm1    00 00 00 00 00 00 00 00 00 00 00 00 00 00 00 00 00 00 00 00 00 00 00 00 00 00 00 00 00 00 00 00
%ymm2    00 00 00 00 00 00 00 00 00 00 00 00 00 00 00 00 00 00 00 00 00 00 00 00 00 00 00 00 00 00 00 00
%ymm3    00 00 00 00 00 00 00 00 00 00 00 00 00 00 00 00 00 00 00 00 00 00 00 00 00 00 00 00 00 00 00 00
%ymm4    00 00 00 00 00 00 00 00 00 00 00 00 00 00 00 00 00 00 00 00 00 00 00 00 00 00 00 00 00 00 00 00
%ymm5    00 00 00 00 00 00 00 00 00 00 00 00 00 00 00 00 00 00 00 00 00 00 00 00 00 00 00 00 00 00 00 00
%ymm6    00 00 00 00 00 00 00 00 00 00 00 00 00 00 00 00 00 00 00 00 00 00 00 00 00 00 00 00 00 00 00 00
%ymm7    00 00 00 00 00 00 00 00 00 00 00 00 00 00 00 00 00 00 00 00 00 00 00 00 00 00 00 00 00 00 00 00
%ymm8    00 00 00 00 00 00 00 00 00 00 00 00 00 00 00 00 00 00 00 00 00 00 00 00 00 00 00 00 00 00 00 00
%ymm9    00 00 00 00 00 00 00 00 00 00 00 00 00 00 00 00 00 00 00 00 00 00 00 00 00 00 00 00 00 00 00 00
%ymm10   00 00 00 00 00 00 00 00 00 00 00 00 00 00 00 00 00 00 00 00 00 00 00 00 00 00 00 00 00 00 00 00
%ymm11   00 00 00 00 00 00 00 00 00 00 00 00 00 00 00 00 00 00 00 00 00 00 00 00 00 00 00 00 00 00 00 00
%ymm12   00 00 00 00 00 00 00 00 00 00 00 00 00 00 00 00 00 00 00 00 00 00 00 00 00 00 00 00 00 00 00 00
%ymm13   00 00 00 00 00 00 00 00 00 00 00 00 00 00 00 00 00 00 00 00 00 00 00 00 00 00 00 00 00 00 00 00
%ymm14   00 00 00 00 00 00 00 00 00 00 00 00 00 00 00 00 00 00 00 00 00 00 00 00 00 00 00 00 00 00 00 00
%ymm15   00 00 00 00 00 00 00 00 00 00 00 00 00 00 00 00 00 00 00 00 00 00 00 00 00 00 00 00 00 00 00 00

%cf      0 
%1       1 
%pf      0 
%0       0 
%af      0 
%0       0 
%zf      0 
%sf      0 
%tf      0 
%if      1 
%df      0 
%of      0 
%iopl[0] 0 
%iopl[1] 0 
%nt      0 
%0       0 
%rf      0 
%vm      0 
%ac      0 
%vif     0 
%vip     0 
%id      0 

[ 00000007 00000000 - 00000007 00000000 ]
[ 0 valid rows shown ]

[ 80000000 00000008 - 7fffffff ffffffe0 ]
[ 3 valid rows shown ]

80000000 00000000   v v v v v v v v   00 00 00 00 00 00 00 00 
7fffffff fffffff8   v v v v v v v v   00 00 00 00 00 01 01 01 
7fffffff fffffff0   v v v v v . . .   04 01 10 01 02 00 00 00 

[ 00000000 00000000 - 00000000 00000000 ]
[ 0 valid rows shown ]

0 more segment(s)


Testcase 3:

SIGNAL 0 [normal exit]

%rax     00 00 00 00 00 00 00 00
%rcx     00 00 00 00 00 00 00 00
%rdx     00 00 00 00 00 00 00 00
%rbx     00 00 00 00 00 00 00 00
%rsp     00 00 00 00 00 00 00 00
%rbp     00 00 00 00 00 00 00 00
%rsi     00 00 00 00 01 ff ff fc
%rdi     00 00 00 00 80 40 41 18
%r8      00 00 00 00 00 00 00 00
%r9      00 00 00 00 00 00 00 00
%r10     00 00 00 00 00 00 00 00
%r11     00 00 00 00 00 00 00 00
%r12     00 00 00 00 00 00 00 00
%r13     00 00 00 00 00 00 00 00
%r14     00 00 00 00 00 00 00 00
%r15     ff ff ff ff 80 00 00 04

%ymm0    00 00 00 00 00 00 00 00 00 00 00 00 00 00 00 00 00 00 00 00 00 00 00 00 00 00 00 00 00 00 00 00
%ymm1    00 00 00 00 00 00 00 00 00 00 00 00 00 00 00 00 00 00 00 00 00 00 00 00 00 00 00 00 00 00 00 00
%ymm2    00 00 00 00 00 00 00 00 00 00 00 00 00 00 00 00 00 00 00 00 00 00 00 00 00 00 00 00 00 00 00 00
%ymm3    00 00 00 00 00 00 00 00 00 00 00 00 00 00 00 00 00 00 00 00 00 00 00 00 00 00 00 00 00 00 00 00
%ymm4    00 00 00 00 00 00 00 00 00 00 00 00 00 00 00 00 00 00 00 00 00 00 00 00 00 00 00 00 00 00 00 00
%ymm5    00 00 00 00 00 00 00 00 00 00 00 00 00 00 00 00 00 00 00 00 00 00 00 00 00 00 00 00 00 00 00 00
%ymm6    00 00 00 00 00 00 00 00 00 00 00 00 00 00 00 00 00 00 00 00 00 00 00 00 00 00 00 00 00 00 00 00
%ymm7    00 00 00 00 00 00 00 00 00 00 00 00 00 00 00 00 00 00 00 00 00 00 00 00 00 00 00 00 00 00 00 00
%ymm8    00 00 00 00 00 00 00 00 00 00 00 00 00 00 00 00 00 00 00 00 00 00 00 00 00 00 00 00 00 00 00 00
%ymm9    00 00 00 00 00 00 00 00 00 00 00 00 00 00 00 00 00 00 00 00 00 00 00 00 00 00 00 00 00 00 00 00
%ymm10   00 00 00 00 00 00 00 00 00 00 00 00 00 00 00 00 00 00 00 00 00 00 00 00 00 00 00 00 00 00 00 00
%ymm11   00 00 00 00 00 00 00 00 00 00 00 00 00 00 00 00 00 00 00 00 00 00 00 00 00 00 00 00 00 00 00 00
%ymm12   00 00 00 00 00 00 00 00 00 00 00 00 00 00 00 00 00 00 00 00 00 00 00 00 00 00 00 00 00 00 00 00
%ymm13   00 00 00 00 00 00 00 00 00 00 00 00 00 00 00 00 00 00 00 00 00 00 00 00 00 00 00 00 00 00 00 00
%ymm14   00 00 00 00 00 00 00 00 00 00 00 00 00 00 00 00 00 00 00 00 00 00 00 00 00 00 00 00 00 00 00 00
%ymm15   00 00 00 00 00 00 00 00 00 00 00 00 00 00 00 00 00 00 00 00 00 00 00 00 00 00 00 00 00 00 00 00

%cf      0 
%1       1 
%pf      0 
%0       0 
%af      0 
%0       0 
%zf      0 
%sf      0 
%tf      0 
%if      1 
%df      0 
%of      0 
%iopl[0] 0 
%iopl[1] 0 
%nt      0 
%0       0 
%rf      0 
%vm      0 
%ac      0 
%vif     0 
%vip     0 
%id      0 

[ ffffffff 82000010 - ffffffff 82000000 ]
[ 2 valid rows shown ]

ffffffff 82000008   . . . . v v v v   00 00 00 00 00 00 00 80 
ffffffff 82000000   v v v v v v v v   01 01 01 01 01 01 01 01 

[ 00000000 00404128 - 00000000 00404100 ]
[ 2 valid rows shown ]

00000000 00404120   . . v v v v v v   00 00 00 00 00 00 00 00 
00000000 00404118   v v v v . . . .   00 00 00 00 00 00 00 00 

[ 00000000 00000000 - 00000000 00000000 ]
[ 0 valid rows shown ]

0 more segment(s)


Testcase 4:

SIGNAL 0 [normal exit]

%rax     00 00 00 00 00 00 00 00
%rcx     00 00 00 00 00 00 00 00
%rdx     00 00 00 00 00 00 00 00
%rbx     00 00 00 00 00 00 00 00
%rsp     00 00 00 00 00 00 00 00
%rbp     00 00 00 00 00 00 00 00
%rsi     00 00 00 00 e0 40 07 08
%rdi     00 00 00 00 90 8d 75 78
%r8      00 00 00 00 00 00 00 00
%r9      00 00 00 00 00 00 00 00
%r10     00 00 00 00 00 00 00 00
%r11     00 00 00 00 00 00 00 00
%r12     00 00 00 00 00 00 00 00
%r13     00 00 00 00 00 00 00 00
%r14     00 00 00 00 00 00 00 00
%r15     ff ff ff ff 6b 22 0a 07

%ymm0    00 00 00 00 00 00 00 00 00 00 00 00 00 00 00 00 00 00 00 00 00 00 00 00 00 00 00 00 00 00 00 00
%ymm1    00 00 00 00 00 00 00 00 00 00 00 00 00 00 00 00 00 00 00 00 00 00 00 00 00 00 00 00 00 00 00 00
%ymm2    00 00 00 00 00 00 00 00 00 00 00 00 00 00 00 00 00 00 00 00 00 00 00 00 00 00 00 00 00 00 00 00
%ymm3    00 00 00 00 00 00 00 00 00 00 00 00 00 00 00 00 00 00 00 00 00 00 00 00 00 00 00 00 00 00 00 00
%ymm4    00 00 00 00 00 00 00 00 00 00 00 00 00 00 00 00 00 00 00 00 00 00 00 00 00 00 00 00 00 00 00 00
%ymm5    00 00 00 00 00 00 00 00 00 00 00 00 00 00 00 00 00 00 00 00 00 00 00 00 00 00 00 00 00 00 00 00
%ymm6    00 00 00 00 00 00 00 00 00 00 00 00 00 00 00 00 00 00 00 00 00 00 00 00 00 00 00 00 00 00 00 00
%ymm7    00 00 00 00 00 00 00 00 00 00 00 00 00 00 00 00 00 00 00 00 00 00 00 00 00 00 00 00 00 00 00 00
%ymm8    00 00 00 00 00 00 00 00 00 00 00 00 00 00 00 00 00 00 00 00 00 00 00 00 00 00 00 00 00 00 00 00
%ymm9    00 00 00 00 00 00 00 00 00 00 00 00 00 00 00 00 00 00 00 00 00 00 00 00 00 00 00 00 00 00 00 00
%ymm10   00 00 00 00 00 00 00 00 00 00 00 00 00 00 00 00 00 00 00 00 00 00 00 00 00 00 00 00 00 00 00 00
%ymm11   00 00 00 00 00 00 00 00 00 00 00 00 00 00 00 00 00 00 00 00 00 00 00 00 00 00 00 00 00 00 00 00
%ymm12   00 00 00 00 00 00 00 00 00 00 00 00 00 00 00 00 00 00 00 00 00 00 00 00 00 00 00 00 00 00 00 00
%ymm13   00 00 00 00 00 00 00 00 00 00 00 00 00 00 00 00 00 00 00 00 00 00 00 00 00 00 00 00 00 00 00 00
%ymm14   00 00 00 00 00 00 00 00 00 00 00 00 00 00 00 00 00 00 00 00 00 00 00 00 00 00 00 00 00 00 00 00
%ymm15   00 00 00 00 00 00 00 00 00 00 00 00 00 00 00 00 00 00 00 00 00 00 00 00 00 00 00 00 00 00 00 00

%cf      0 
%1       1 
%pf      0 
%0       0 
%af      0 
%0       0 
%zf      0 
%sf      0 
%tf      0 
%if      1 
%df      0 
%of      0 
%iopl[0] 0 
%iopl[1] 0 
%nt      0 
%0       0 
%rf      0 
%vm      0 
%ac      0 
%vif     0 
%vip     0 
%id      0 

[ ffffffff fbaf7f80 - ffffffff fbaf7f60 ]
[ 1 valid rows shown ]

ffffffff fbaf7f78   v . . . . . . .   00 00 00 00 00 00 00 00 

[ 00000000 4b621118 - 00000000 4b621100 ]
[ 2 valid rows shown ]

00000000 4b621110   . . . . . v v v   00 00 00 00 00 00 00 00 
00000000 4b621108   v . . . . . . .   00 00 00 00 00 00 00 00 

[ 00000000 00000000 - 00000000 00000000 ]
[ 0 valid rows shown ]

0 more segment(s)


Testcase 5:

SIGNAL 0 [normal exit]

%rax     00 00 00 00 00 00 00 00
%rcx     00 00 00 00 00 00 00 00
%rdx     00 00 00 00 00 00 00 00
%rbx     00 00 00 00 00 00 00 00
%rsp     00 00 00 00 00 00 00 00
%rbp     00 00 00 00 00 00 00 00
%rsi     00 00 00 00 fd 49 fe 00
%rdi     00 00 00 00 fd 42 4c 70
%r8      00 00 00 00 00 00 00 00
%r9      00 00 00 00 00 00 00 00
%r10     00 00 00 00 00 00 00 00
%r11     00 00 00 00 00 00 00 00
%r12     00 00 00 00 00 00 00 00
%r13     00 00 00 00 00 00 00 00
%r14     00 00 00 00 00 00 00 00
%r15     7f ff 3f ff 7e b5 b3 8f

%ymm0    00 00 00 00 00 00 00 00 00 00 00 00 00 00 00 00 00 00 00 00 00 00 00 00 00 00 00 00 00 00 00 00
%ymm1    00 00 00 00 00 00 00 00 00 00 00 00 00 00 00 00 00 00 00 00 00 00 00 00 00 00 00 00 00 00 00 00
%ymm2    00 00 00 00 00 00 00 00 00 00 00 00 00 00 00 00 00 00 00 00 00 00 00 00 00 00 00 00 00 00 00 00
%ymm3    00 00 00 00 00 00 00 00 00 00 00 00 00 00 00 00 00 00 00 00 00 00 00 00 00 00 00 00 00 00 00 00
%ymm4    00 00 00 00 00 00 00 00 00 00 00 00 00 00 00 00 00 00 00 00 00 00 00 00 00 00 00 00 00 00 00 00
%ymm5    00 00 00 00 00 00 00 00 00 00 00 00 00 00 00 00 00 00 00 00 00 00 00 00 00 00 00 00 00 00 00 00
%ymm6    00 00 00 00 00 00 00 00 00 00 00 00 00 00 00 00 00 00 00 00 00 00 00 00 00 00 00 00 00 00 00 00
%ymm7    00 00 00 00 00 00 00 00 00 00 00 00 00 00 00 00 00 00 00 00 00 00 00 00 00 00 00 00 00 00 00 00
%ymm8    00 00 00 00 00 00 00 00 00 00 00 00 00 00 00 00 00 00 00 00 00 00 00 00 00 00 00 00 00 00 00 00
%ymm9    00 00 00 00 00 00 00 00 00 00 00 00 00 00 00 00 00 00 00 00 00 00 00 00 00 00 00 00 00 00 00 00
%ymm10   00 00 00 00 00 00 00 00 00 00 00 00 00 00 00 00 00 00 00 00 00 00 00 00 00 00 00 00 00 00 00 00
%ymm11   00 00 00 00 00 00 00 00 00 00 00 00 00 00 00 00 00 00 00 00 00 00 00 00 00 00 00 00 00 00 00 00
%ymm12   00 00 00 00 00 00 00 00 00 00 00 00 00 00 00 00 00 00 00 00 00 00 00 00 00 00 00 00 00 00 00 00
%ymm13   00 00 00 00 00 00 00 00 00 00 00 00 00 00 00 00 00 00 00 00 00 00 00 00 00 00 00 00 00 00 00 00
%ymm14   00 00 00 00 00 00 00 00 00 00 00 00 00 00 00 00 00 00 00 00 00 00 00 00 00 00 00 00 00 00 00 00
%ymm15   00 00 00 00 00 00 00 00 00 00 00 00 00 00 00 00 00 00 00 00 00 00 00 00 00 00 00 00 00 00 00 00

%cf      0 
%1       1 
%pf      0 
%0       0 
%af      0 
%0       0 
%zf      0 
%sf      0 
%tf      0 
%if      1 
%df      0 
%of      0 
%iopl[0] 0 
%iopl[1] 0 
%nt      0 
%0       0 
%rf      0 
%vm      0 
%ac      0 
%vif     0 
%vip     0 
%id      0 

[ 7fff4000 7bffb198 - 7fff4000 7bffb180 ]
[ 2 valid rows shown ]

7fff4000 7bffb190   . . . . . v v v   00 00 00 00 00 00 00 00 
7fff4000 7bffb188   v . . . . . . .   80 00 00 00 00 00 00 00 

[ 7fff4000 7bf80008 - 7fff4000 7bf7ffe0 ]
[ 2 valid rows shown ]

7fff4000 7bf80000   . . . . . . . v   00 00 00 00 00 00 00 00 
7fff4000 7bf7fff8   v . . . . . . .   00 00 00 00 00 00 00 00 

[ 00000000 00000000 - 00000000 00000000 ]
[ 0 valid rows shown ]

0 more segment(s)


Testcase 6:

SIGNAL 0 [normal exit]

%rax     00 00 00 00 00 00 00 00
%rcx     00 00 00 00 00 00 00 00
%rdx     00 00 00 00 00 00 00 00
%rbx     00 00 00 00 00 00 00 00
%rsp     00 00 00 00 00 00 00 00
%rbp     00 00 00 00 00 00 00 00
%rsi     00 00 00 00 20 60 76 3b
%rdi     00 00 00 00 9b 63 e3 fa
%r8      00 00 00 00 00 00 00 00
%r9      00 00 00 00 00 00 00 00
%r10     00 00 00 00 00 00 00 00
%r11     00 00 00 00 00 00 00 00
%r12     00 00 00 00 00 00 00 00
%r13     00 00 00 00 00 00 00 00
%r14     00 00 00 00 00 00 00 00
%r15     ff ff ff ff c4 9c 1c 05

%ymm0    00 00 00 00 00 00 00 00 00 00 00 00 00 00 00 00 00 00 00 00 00 00 00 00 00 00 00 00 00 00 00 00
%ymm1    00 00 00 00 00 00 00 00 00 00 00 00 00 00 00 00 00 00 00 00 00 00 00 00 00 00 00 00 00 00 00 00
%ymm2    00 00 00 00 00 00 00 00 00 00 00 00 00 00 00 00 00 00 00 00 00 00 00 00 00 00 00 00 00 00 00 00
%ymm3    00 00 00 00 00 00 00 00 00 00 00 00 00 00 00 00 00 00 00 00 00 00 00 00 00 00 00 00 00 00 00 00
%ymm4    00 00 00 00 00 00 00 00 00 00 00 00 00 00 00 00 00 00 00 00 00 00 00 00 00 00 00 00 00 00 00 00
%ymm5    00 00 00 00 00 00 00 00 00 00 00 00 00 00 00 00 00 00 00 00 00 00 00 00 00 00 00 00 00 00 00 00
%ymm6    00 00 00 00 00 00 00 00 00 00 00 00 00 00 00 00 00 00 00 00 00 00 00 00 00 00 00 00 00 00 00 00
%ymm7    00 00 00 00 00 00 00 00 00 00 00 00 00 00 00 00 00 00 00 00 00 00 00 00 00 00 00 00 00 00 00 00
%ymm8    00 00 00 00 00 00 00 00 00 00 00 00 00 00 00 00 00 00 00 00 00 00 00 00 00 00 00 00 00 00 00 00
%ymm9    00 00 00 00 00 00 00 00 00 00 00 00 00 00 00 00 00 00 00 00 00 00 00 00 00 00 00 00 00 00 00 00
%ymm10   00 00 00 00 00 00 00 00 00 00 00 00 00 00 00 00 00 00 00 00 00 00 00 00 00 00 00 00 00 00 00 00
%ymm11   00 00 00 00 00 00 00 00 00 00 00 00 00 00 00 00 00 00 00 00 00 00 00 00 00 00 00 00 00 00 00 00
%ymm12   00 00 00 00 00 00 00 00 00 00 00 00 00 00 00 00 00 00 00 00 00 00 00 00 00 00 00 00 00 00 00 00
%ymm13   00 00 00 00 00 00 00 00 00 00 00 00 00 00 00 00 00 00 00 00 00 00 00 00 00 00 00 00 00 00 00 00
%ymm14   00 00 00 00 00 00 00 00 00 00 00 00 00 00 00 00 00 00 00 00 00 00 00 00 00 00 00 00 00 00 00 00
%ymm15   00 00 00 00 00 00 00 00 00 00 00 00 00 00 00 00 00 00 00 00 00 00 00 00 00 00 00 00 00 00 00 00

%cf      0 
%1       1 
%pf      0 
%0       0 
%af      0 
%0       0 
%zf      0 
%sf      0 
%tf      0 
%if      1 
%df      0 
%of      0 
%iopl[0] 0 
%iopl[1] 0 
%nt      0 
%0       0 
%rf      0 
%vm      0 
%ac      0 
%vif     0 
%vip     0 
%id      0 

[ ffffffff e4fc9248 - ffffffff e4fc9240 ]
[ 1 valid rows shown ]

ffffffff e4fc9240   . . . . . . . v   00 00 00 00 00 00 00 00 

[ 00000000 60000000 - 00000000 5fffffe0 ]
[ 1 valid rows shown ]

00000000 5ffffff8   v . . . . . . .   00 00 00 00 00 00 00 00 

[ 00000000 00000000 - 00000000 00000000 ]
[ 0 valid rows shown ]

0 more segment(s)


Testcase 7:

SIGNAL 0 [normal exit]

%rax     00 00 00 00 00 00 00 00
%rcx     00 00 00 00 00 00 00 00
%rdx     00 00 00 00 00 00 00 00
%rbx     00 00 00 00 00 00 00 00
%rsp     00 00 00 00 00 00 00 00
%rbp     00 00 00 00 00 00 00 00
%rsi     00 00 00 00 55 03 03 44
%rdi     00 00 00 00 d5 03 03 43
%r8      00 00 00 00 00 00 00 00
%r9      00 00 00 00 00 00 00 00
%r10     00 00 00 00 00 00 00 00
%r11     00 00 00 00 00 00 00 00
%r12     00 00 00 00 00 00 00 00
%r13     00 00 00 00 00 00 00 00
%r14     00 00 00 00 00 00 00 00
%r15     7f ff ff ff 2a fc fc bb

%ymm0    00 00 00 00 00 00 00 00 00 00 00 00 00 00 00 00 00 00 00 00 00 00 00 00 00 00 00 00 00 00 00 00
%ymm1    00 00 00 00 00 00 00 00 00 00 00 00 00 00 00 00 00 00 00 00 00 00 00 00 00 00 00 00 00 00 00 00
%ymm2    00 00 00 00 00 00 00 00 00 00 00 00 00 00 00 00 00 00 00 00 00 00 00 00 00 00 00 00 00 00 00 00
%ymm3    00 00 00 00 00 00 00 00 00 00 00 00 00 00 00 00 00 00 00 00 00 00 00 00 00 00 00 00 00 00 00 00
%ymm4    00 00 00 00 00 00 00 00 00 00 00 00 00 00 00 00 00 00 00 00 00 00 00 00 00 00 00 00 00 00 00 00
%ymm5    00 00 00 00 00 00 00 00 00 00 00 00 00 00 00 00 00 00 00 00 00 00 00 00 00 00 00 00 00 00 00 00
%ymm6    00 00 00 00 00 00 00 00 00 00 00 00 00 00 00 00 00 00 00 00 00 00 00 00 00 00 00 00 00 00 00 00
%ymm7    00 00 00 00 00 00 00 00 00 00 00 00 00 00 00 00 00 00 00 00 00 00 00 00 00 00 00 00 00 00 00 00
%ymm8    00 00 00 00 00 00 00 00 00 00 00 00 00 00 00 00 00 00 00 00 00 00 00 00 00 00 00 00 00 00 00 00
%ymm9    00 00 00 00 00 00 00 00 00 00 00 00 00 00 00 00 00 00 00 00 00 00 00 00 00 00 00 00 00 00 00 00
%ymm10   00 00 00 00 00 00 00 00 00 00 00 00 00 00 00 00 00 00 00 00 00 00 00 00 00 00 00 00 00 00 00 00
%ymm11   00 00 00 00 00 00 00 00 00 00 00 00 00 00 00 00 00 00 00 00 00 00 00 00 00 00 00 00 00 00 00 00
%ymm12   00 00 00 00 00 00 00 00 00 00 00 00 00 00 00 00 00 00 00 00 00 00 00 00 00 00 00 00 00 00 00 00
%ymm13   00 00 00 00 00 00 00 00 00 00 00 00 00 00 00 00 00 00 00 00 00 00 00 00 00 00 00 00 00 00 00 00
%ymm14   00 00 00 00 00 00 00 00 00 00 00 00 00 00 00 00 00 00 00 00 00 00 00 00 00 00 00 00 00 00 00 00
%ymm15   00 00 00 00 00 00 00 00 00 00 00 00 00 00 00 00 00 00 00 00 00 00 00 00 00 00 00 00 00 00 00 00

%cf      0 
%1       1 
%pf      0 
%0       0 
%af      0 
%0       0 
%zf      0 
%sf      0 
%tf      0 
%if      1 
%df      0 
%of      0 
%iopl[0] 0 
%iopl[1] 0 
%nt      0 
%0       0 
%rf      0 
%vm      0 
%ac      0 
%vif     0 
%vip     0 
%id      0 

[ 80000000 00000000 - 7fffffff ffffffe0 ]
[ 1 valid rows shown ]

7fffffff fffffff8   v v . . . . . .   00 00 00 00 00 00 00 00 

[ 7fffffff 80000008 - 7fffffff 7fffffe0 ]
[ 2 valid rows shown ]

7fffffff 80000000   . . . . . . . v   00 00 00 00 00 00 00 00 
7fffffff 7ffffff8   v . . . . . . .   80 00 00 00 00 00 00 00 

[ 00000000 00000000 - 00000000 00000000 ]
[ 0 valid rows shown ]

0 more segment(s)
