Testcase 0:

SIGNAL 0 [normal exit]

%rax     00 00 00 00 00 00 00 00
%rcx     00 00 00 00 00 00 00 00
%rdx     00 00 00 00 00 00 00 00
%rbx     00 00 00 00 00 00 00 00
%rsp     00 00 00 00 00 00 00 00
%rbp     00 00 00 00 00 00 00 00
%rsi     00 00 00 00 ff f6 7e 00
%rdi     00 00 00 00 00 00 00 00
%r8      00 00 00 00 00 00 00 00
%r9      00 00 00 00 00 00 00 00
%r10     00 00 00 00 00 00 00 00
%r11     00 00 00 00 00 00 00 00
%r12     00 00 00 00 00 00 00 00
%r13     00 00 00 00 00 00 00 00
%r14     00 00 00 00 00 00 00 00
%r15     ff ff ff fe ff fe 6e 00

%ymm0    00 00 00 00 00 00 00 00 00 00 00 00 00 00 00 00 00 00 00 00 00 00 00 00 00 00 00 00 00 00 00 00
%ymm1    00 00 00 00 00 00 00 00 00 00 00 00 00 00 00 00 00 00 00 00 00 00 00 00 00 00 00 00 00 00 00 00
%ymm2    00 00 00 00 00 00 00 00 00 00 00 00 00 00 00 00 00 00 00 00 00 00 00 00 00 00 00 00 00 00 00 00
%ymm3    00 00 00 00 00 00 00 00 00 00 00 00 00 00 00 00 00 00 00 00 00 00 00 00 00 00 00 00 00 00 00 00
%ymm4    00 00 00 00 00 00 00 00 00 00 00 00 00 00 00 00 00 00 00 00 00 00 00 00 00 00 00 00 00 00 00 00
%ymm5    00 00 00 00 00 00 00 00 00 00 00 00 00 00 00 00 00 00 00 00 00 00 00 00 00 00 00 00 00 00 00 00
%ymm6    00 00 00 00 00 00 00 00 00 00 00 00 00 00 00 00 00 00 00 00 00 00 00 00 00 00 00 00 00 00 00 00
%ymm7    00 00 00 00 00 00 00 00 00 00 00 00 00 00 00 00 00 00 00 00 00 00 00 00 00 00 00 00 00 00 00 00
%ymm8    00 00 00 00 00 00 00 00 00 00 00 00 00 00 00 00 00 00 00 00 00 00 00 00 00 00 00 00 00 00 00 00
%ymm9    00 00 00 00 00 00 00 00 00 00 00 00 00 00 00 00 00 00 00 00 00 00 00 00 00 00 00 00 00 00 00 00
%ymm10   00 00 00 00 00 00 00 00 00 00 00 00 00 00 00 00 00 00 00 00 00 00 00 00 00 00 00 00 00 00 00 00
%ymm11   00 00 00 00 00 00 00 00 00 00 00 00 00 00 00 00 00 00 00 00 00 00 00 00 00 00 00 00 00 00 00 00
%ymm12   00 00 00 00 00 00 00 00 00 00 00 00 00 00 00 00 00 00 00 00 00 00 00 00 00 00 00 00 00 00 00 00
%ymm13   00 00 00 00 00 00 00 00 00 00 00 00 00 00 00 00 00 00 00 00 00 00 00 00 00 00 00 00 00 00 00 00
%ymm14   00 00 00 00 00 00 00 00 00 00 00 00 00 00 00 00 00 00 00 00 00 00 00 00 00 00 00 00 00 00 00 00
%ymm15   00 00 00 00 00 00 00 00 00 00 00 00 00 00 00 00 00 00 00 00 00 00 00 00 00 00 00 00 00 00 00 00

%cf      0 
%1       1 
%pf      0 
%0       0 
%af      0 
%0       0 
%zf      0 
%sf      0 
%tf      0 
%if      1 
%df      0 
%of      0 
%iopl[0] 0 
%iopl[1] 0 
%nt      0 
%0       0 
%rf      0 
%vm      0 
%ac      0 
%vif     0 
%vip     0 
%id      0 

[ 00000007 00000000 - 00000007 00000000 ]
[ 0 valid rows shown ]

[ ffffffff fff4ec08 - ffffffff fff4ec00 ]
[ 1 valid rows shown ]

ffffffff fff4ec00   . . . . . . . v   00 00 00 00 00 00 00 00 

[ 00000000 00000000 - 00000000 00000000 ]
[ 0 valid rows shown ]

0 more segment(s)


Testcase 1:

SIGNAL 0 [normal exit]

%rax     00 00 00 00 00 00 00 00
%rcx     00 00 00 00 00 00 00 00
%rdx     00 00 00 00 00 00 00 00
%rbx     00 00 00 00 00 00 00 00
%rsp     00 00 00 00 00 00 00 00
%rbp     00 00 00 00 00 00 00 00
%rsi     00 00 00 00 7f ff ff ff
%rdi     00 00 00 00 00 00 00 00
%r8      00 00 00 00 00 00 00 00
%r9      00 00 00 00 00 00 00 00
%r10     00 00 00 00 00 00 00 00
%r11     00 00 00 00 00 00 00 00
%r12     00 00 00 00 00 00 00 00
%r13     00 00 00 00 00 00 00 00
%r14     00 00 00 00 00 00 00 00
%r15     3f ff ff ff 80 00 00 00

%ymm0    00 00 00 00 00 00 00 00 00 00 00 00 00 00 00 00 00 00 00 00 00 00 00 00 00 00 00 00 00 00 00 00
%ymm1    00 00 00 00 00 00 00 00 00 00 00 00 00 00 00 00 00 00 00 00 00 00 00 00 00 00 00 00 00 00 00 00
%ymm2    00 00 00 00 00 00 00 00 00 00 00 00 00 00 00 00 00 00 00 00 00 00 00 00 00 00 00 00 00 00 00 00
%ymm3    00 00 00 00 00 00 00 00 00 00 00 00 00 00 00 00 00 00 00 00 00 00 00 00 00 00 00 00 00 00 00 00
%ymm4    00 00 00 00 00 00 00 00 00 00 00 00 00 00 00 00 00 00 00 00 00 00 00 00 00 00 00 00 00 00 00 00
%ymm5    00 00 00 00 00 00 00 00 00 00 00 00 00 00 00 00 00 00 00 00 00 00 00 00 00 00 00 00 00 00 00 00
%ymm6    00 00 00 00 00 00 00 00 00 00 00 00 00 00 00 00 00 00 00 00 00 00 00 00 00 00 00 00 00 00 00 00
%ymm7    00 00 00 00 00 00 00 00 00 00 00 00 00 00 00 00 00 00 00 00 00 00 00 00 00 00 00 00 00 00 00 00
%ymm8    00 00 00 00 00 00 00 00 00 00 00 00 00 00 00 00 00 00 00 00 00 00 00 00 00 00 00 00 00 00 00 00
%ymm9    00 00 00 00 00 00 00 00 00 00 00 00 00 00 00 00 00 00 00 00 00 00 00 00 00 00 00 00 00 00 00 00
%ymm10   00 00 00 00 00 00 00 00 00 00 00 00 00 00 00 00 00 00 00 00 00 00 00 00 00 00 00 00 00 00 00 00
%ymm11   00 00 00 00 00 00 00 00 00 00 00 00 00 00 00 00 00 00 00 00 00 00 00 00 00 00 00 00 00 00 00 00
%ymm12   00 00 00 00 00 00 00 00 00 00 00 00 00 00 00 00 00 00 00 00 00 00 00 00 00 00 00 00 00 00 00 00
%ymm13   00 00 00 00 00 00 00 00 00 00 00 00 00 00 00 00 00 00 00 00 00 00 00 00 00 00 00 00 00 00 00 00
%ymm14   00 00 00 00 00 00 00 00 00 00 00 00 00 00 00 00 00 00 00 00 00 00 00 00 00 00 00 00 00 00 00 00
%ymm15   00 00 00 00 00 00 00 00 00 00 00 00 00 00 00 00 00 00 00 00 00 00 00 00 00 00 00 00 00 00 00 00

%cf      0 
%1       1 
%pf      0 
%0       0 
%af      0 
%0       0 
%zf      0 
%sf      0 
%tf      0 
%if      1 
%df      0 
%of      0 
%iopl[0] 0 
%iopl[1] 0 
%nt      0 
%0       0 
%rf      0 
%vm      0 
%ac      0 
%vif     0 
%vip     0 
%id      0 

[ 00000007 00000000 - 00000007 00000000 ]
[ 0 valid rows shown ]

[ 40000000 00000008 - 3fffffff ffffffe0 ]
[ 2 valid rows shown ]

40000000 00000000   . . . . . . . v   00 00 00 00 00 00 00 00 
3fffffff fffffff8   v . . . . . . .   80 00 00 00 00 00 00 00 

[ 00000000 00000000 - 00000000 00000000 ]
[ 0 valid rows shown ]

0 more segment(s)


Testcase 2:

SIGNAL 0 [normal exit]

%rax     00 00 00 00 00 00 00 00
%rcx     00 00 00 00 00 00 00 00
%rdx     00 00 00 00 80 00 00 00
%rbx     00 00 00 00 00 00 00 00
%rsp     00 00 00 00 00 00 00 00
%rbp     00 00 00 00 00 00 00 00
%rsi     00 00 00 00 c8 7f 08 c0
%rdi     00 00 00 00 6c 8e b8 32
%r8      00 00 00 00 00 00 00 00
%r9      00 00 00 00 00 00 00 00
%r10     00 00 00 00 00 00 00 00
%r11     00 00 00 00 00 00 00 00
%r12     00 00 00 00 00 00 00 00
%r13     00 00 00 00 00 00 00 00
%r14     00 00 00 00 00 00 00 00
%r15     20 df ff ff 60 1a c9 00

%ymm0    00 00 00 00 00 00 00 00 00 00 00 00 00 00 00 00 00 00 00 00 00 00 00 00 00 00 00 00 00 00 00 00
%ymm1    00 00 00 00 00 00 00 00 00 00 00 00 00 00 00 00 00 00 00 00 00 00 00 00 00 00 00 00 00 00 00 00
%ymm2    00 00 00 00 00 00 00 00 00 00 00 00 00 00 00 00 00 00 00 00 00 00 00 00 00 00 00 00 00 00 00 00
%ymm3    00 00 00 00 00 00 00 00 00 00 00 00 00 00 00 00 00 00 00 00 00 00 00 00 00 00 00 00 00 00 00 00
%ymm4    00 00 00 00 00 00 00 00 00 00 00 00 00 00 00 00 00 00 00 00 00 00 00 00 00 00 00 00 00 00 00 00
%ymm5    00 00 00 00 00 00 00 00 00 00 00 00 00 00 00 00 00 00 00 00 00 00 00 00 00 00 00 00 00 00 00 00
%ymm6    00 00 00 00 00 00 00 00 00 00 00 00 00 00 00 00 00 00 00 00 00 00 00 00 00 00 00 00 00 00 00 00
%ymm7    00 00 00 00 00 00 00 00 00 00 00 00 00 00 00 00 00 00 00 00 00 00 00 00 00 00 00 00 00 00 00 00
%ymm8    00 00 00 00 00 00 00 00 00 00 00 00 00 00 00 00 00 00 00 00 00 00 00 00 00 00 00 00 00 00 00 00
%ymm9    00 00 00 00 00 00 00 00 00 00 00 00 00 00 00 00 00 00 00 00 00 00 00 00 00 00 00 00 00 00 00 00
%ymm10   00 00 00 00 00 00 00 00 00 00 00 00 00 00 00 00 00 00 00 00 00 00 00 00 00 00 00 00 00 00 00 00
%ymm11   00 00 00 00 00 00 00 00 00 00 00 00 00 00 00 00 00 00 00 00 00 00 00 00 00 00 00 00 00 00 00 00
%ymm12   00 00 00 00 00 00 00 00 00 00 00 00 00 00 00 00 00 00 00 00 00 00 00 00 00 00 00 00 00 00 00 00
%ymm13   00 00 00 00 00 00 00 00 00 00 00 00 00 00 00 00 00 00 00 00 00 00 00 00 00 00 00 00 00 00 00 00
%ymm14   00 00 00 00 00 00 00 00 00 00 00 00 00 00 00 00 00 00 00 00 00 00 00 00 00 00 00 00 00 00 00 00
%ymm15   00 00 00 00 00 00 00 00 00 00 00 00 00 00 00 00 00 00 00 00 00 00 00 00 00 00 00 00 00 00 00 00

%cf      0 
%1       1 
%pf      0 
%0       0 
%af      0 
%0       0 
%zf      0 
%sf      0 
%tf      0 
%if      1 
%df      0 
%of      0 
%iopl[0] 0 
%iopl[1] 0 
%nt      0 
%0       0 
%rf      0 
%vm      0 
%ac      0 
%vif     0 
%vip     0 
%id      0 

[ 20e00000 2899d1c8 - 20e00000 2899d1c0 ]
[ 1 valid rows shown ]

20e00000 2899d1c0   . . . . . . . v   00 00 00 00 00 00 00 00 

[ 20dfffff cca98138 - 20dfffff cca98120 ]
[ 1 valid rows shown ]

20dfffff cca98130   . . . . . v . .   00 00 00 00 00 00 00 00 

[ 00000000 00000000 - 00000000 00000000 ]
[ 0 valid rows shown ]

0 more segment(s)


Testcase 3:

SIGNAL 0 [normal exit]

%rax     00 00 00 00 00 00 00 00
%rcx     00 00 00 00 00 00 00 00
%rdx     00 00 00 00 20 00 00 00
%rbx     00 00 00 00 00 00 00 00
%rsp     00 00 00 00 00 00 00 00
%rbp     00 00 00 00 00 00 00 00
%rsi     00 00 00 00 df 7c 7f ff
%rdi     00 00 00 00 5d 38 80 00
%r8      00 00 00 00 00 00 00 00
%r9      00 00 00 00 00 00 00 00
%r10     00 00 00 00 00 00 00 00
%r11     00 00 00 00 00 00 00 00
%r12     00 00 00 00 00 00 00 00
%r13     00 00 00 00 00 00 00 00
%r14     00 00 00 00 00 00 00 00
%r15     1f ff ff ff 20 83 7f ff

%ymm0    00 00 00 00 00 00 00 00 00 00 00 00 00 00 00 00 00 00 00 00 00 00 00 00 00 00 00 00 00 00 00 00
%ymm1    00 00 00 00 00 00 00 00 00 00 00 00 00 00 00 00 00 00 00 00 00 00 00 00 00 00 00 00 00 00 00 00
%ymm2    00 00 00 00 00 00 00 00 00 00 00 00 00 00 00 00 00 00 00 00 00 00 00 00 00 00 00 00 00 00 00 00
%ymm3    00 00 00 00 00 00 00 00 00 00 00 00 00 00 00 00 00 00 00 00 00 00 00 00 00 00 00 00 00 00 00 00
%ymm4    00 00 00 00 00 00 00 00 00 00 00 00 00 00 00 00 00 00 00 00 00 00 00 00 00 00 00 00 00 00 00 00
%ymm5    00 00 00 00 00 00 00 00 00 00 00 00 00 00 00 00 00 00 00 00 00 00 00 00 00 00 00 00 00 00 00 00
%ymm6    00 00 00 00 00 00 00 00 00 00 00 00 00 00 00 00 00 00 00 00 00 00 00 00 00 00 00 00 00 00 00 00
%ymm7    00 00 00 00 00 00 00 00 00 00 00 00 00 00 00 00 00 00 00 00 00 00 00 00 00 00 00 00 00 00 00 00
%ymm8    00 00 00 00 00 00 00 00 00 00 00 00 00 00 00 00 00 00 00 00 00 00 00 00 00 00 00 00 00 00 00 00
%ymm9    00 00 00 00 00 00 00 00 00 00 00 00 00 00 00 00 00 00 00 00 00 00 00 00 00 00 00 00 00 00 00 00
%ymm10   00 00 00 00 00 00 00 00 00 00 00 00 00 00 00 00 00 00 00 00 00 00 00 00 00 00 00 00 00 00 00 00
%ymm11   00 00 00 00 00 00 00 00 00 00 00 00 00 00 00 00 00 00 00 00 00 00 00 00 00 00 00 00 00 00 00 00
%ymm12   00 00 00 00 00 00 00 00 00 00 00 00 00 00 00 00 00 00 00 00 00 00 00 00 00 00 00 00 00 00 00 00
%ymm13   00 00 00 00 00 00 00 00 00 00 00 00 00 00 00 00 00 00 00 00 00 00 00 00 00 00 00 00 00 00 00 00
%ymm14   00 00 00 00 00 00 00 00 00 00 00 00 00 00 00 00 00 00 00 00 00 00 00 00 00 00 00 00 00 00 00 00
%ymm15   00 00 00 00 00 00 00 00 00 00 00 00 00 00 00 00 00 00 00 00 00 00 00 00 00 00 00 00 00 00 00 00

%cf      0 
%1       1 
%pf      0 
%0       0 
%af      0 
%0       0 
%zf      0 
%sf      0 
%tf      0 
%if      1 
%df      0 
%of      0 
%iopl[0] 0 
%iopl[1] 0 
%nt      0 
%0       0 
%rf      0 
%vm      0 
%ac      0 
%vif     0 
%vip     0 
%id      0 

[ 20000000 00000000 - 1fffffff ffffffe0 ]
[ 1 valid rows shown ]

1fffffff fffffff8   v v . . . . . .   00 40 00 00 00 00 00 00 

[ 1fffffff 7dbc0008 - 1fffffff 7dbbffe0 ]
[ 2 valid rows shown ]

1fffffff 7dbc0000   . . . . . . . v   00 00 00 00 00 00 00 00 
1fffffff 7dbbfff8   v . . . . . . .   00 00 00 00 00 00 00 00 

[ 00000000 00000000 - 00000000 00000000 ]
[ 0 valid rows shown ]

0 more segment(s)


Testcase 4:

SIGNAL 0 [normal exit]

%rax     00 00 00 00 00 00 00 00
%rcx     00 00 00 00 00 00 00 00
%rdx     00 00 00 00 00 00 00 02
%rbx     00 00 00 00 00 00 00 00
%rsp     00 00 00 00 00 00 00 00
%rbp     00 00 00 00 00 00 00 00
%rsi     00 00 00 00 fe 15 ff ff
%rdi     00 00 00 00 04 61 ff c1
%r8      00 00 00 00 00 00 00 00
%r9      00 00 00 00 00 00 00 00
%r10     00 00 00 00 00 00 00 00
%r11     00 00 00 00 00 00 00 00
%r12     00 00 00 00 00 00 00 00
%r13     00 00 00 00 00 00 00 00
%r14     00 00 00 00 00 00 00 00
%r15     ff ff ff ff 7b 9e 00 04

%ymm0    00 00 00 00 00 00 00 00 00 00 00 00 00 00 00 00 00 00 00 00 00 00 00 00 00 00 00 00 00 00 00 00
%ymm1    00 00 00 00 00 00 00 00 00 00 00 00 00 00 00 00 00 00 00 00 00 00 00 00 00 00 00 00 00 00 00 00
%ymm2    00 00 00 00 00 00 00 00 00 00 00 00 00 00 00 00 00 00 00 00 00 00 00 00 00 00 00 00 00 00 00 00
%ymm3    00 00 00 00 00 00 00 00 00 00 00 00 00 00 00 00 00 00 00 00 00 00 00 00 00 00 00 00 00 00 00 00
%ymm4    00 00 00 00 00 00 00 00 00 00 00 00 00 00 00 00 00 00 00 00 00 00 00 00 00 00 00 00 00 00 00 00
%ymm5    00 00 00 00 00 00 00 00 00 00 00 00 00 00 00 00 00 00 00 00 00 00 00 00 00 00 00 00 00 00 00 00
%ymm6    00 00 00 00 00 00 00 00 00 00 00 00 00 00 00 00 00 00 00 00 00 00 00 00 00 00 00 00 00 00 00 00
%ymm7    00 00 00 00 00 00 00 00 00 00 00 00 00 00 00 00 00 00 00 00 00 00 00 00 00 00 00 00 00 00 00 00
%ymm8    00 00 00 00 00 00 00 00 00 00 00 00 00 00 00 00 00 00 00 00 00 00 00 00 00 00 00 00 00 00 00 00
%ymm9    00 00 00 00 00 00 00 00 00 00 00 00 00 00 00 00 00 00 00 00 00 00 00 00 00 00 00 00 00 00 00 00
%ymm10   00 00 00 00 00 00 00 00 00 00 00 00 00 00 00 00 00 00 00 00 00 00 00 00 00 00 00 00 00 00 00 00
%ymm11   00 00 00 00 00 00 00 00 00 00 00 00 00 00 00 00 00 00 00 00 00 00 00 00 00 00 00 00 00 00 00 00
%ymm12   00 00 00 00 00 00 00 00 00 00 00 00 00 00 00 00 00 00 00 00 00 00 00 00 00 00 00 00 00 00 00 00
%ymm13   00 00 00 00 00 00 00 00 00 00 00 00 00 00 00 00 00 00 00 00 00 00 00 00 00 00 00 00 00 00 00 00
%ymm14   00 00 00 00 00 00 00 00 00 00 00 00 00 00 00 00 00 00 00 00 00 00 00 00 00 00 00 00 00 00 00 00
%ymm15   00 00 00 00 00 00 00 00 00 00 00 00 00 00 00 00 00 00 00 00 00 00 00 00 00 00 00 00 00 00 00 00

%cf      0 
%1       1 
%pf      0 
%0       0 
%af      0 
%0       0 
%zf      0 
%sf      0 
%tf      0 
%if      1 
%df      0 
%of      0 
%iopl[0] 0 
%iopl[1] 0 
%nt      0 
%0       0 
%rf      0 
%vm      0 
%ac      0 
%vif     0 
%vip     0 
%id      0 

[ ffffffff 7fffffc8 - ffffffff 7fffffc0 ]
[ 1 valid rows shown ]

ffffffff 7fffffc0   . v v . . . . .   00 00 00 00 00 00 00 00 

[ 00000000 79b40008 - 00000000 79b40000 ]
[ 1 valid rows shown ]

00000000 79b40000   . . v v v . . .   00 00 00 80 80 00 00 00 

[ 00000000 00000000 - 00000000 00000000 ]
[ 0 valid rows shown ]

0 more segment(s)


Testcase 5:

SIGNAL 0 [normal exit]

%rax     00 00 00 00 00 00 00 00
%rcx     00 00 00 00 00 00 00 00
%rdx     00 00 00 00 00 00 00 02
%rbx     00 00 00 00 00 00 00 00
%rsp     00 00 00 00 00 00 00 00
%rbp     00 00 00 00 00 00 00 00
%rsi     00 00 00 00 ff ff ff df
%rdi     00 00 00 00 e0 00 02 00
%r8      00 00 00 00 00 00 00 00
%r9      00 00 00 00 00 00 00 00
%r10     00 00 00 00 00 00 00 00
%r11     00 00 00 00 00 00 00 00
%r12     00 00 00 00 00 00 00 00
%r13     00 00 00 00 00 00 00 00
%r14     00 00 00 00 00 00 00 00
%r15     ff ff ff ff aa aa aa bf

%ymm0    00 00 00 00 00 00 00 00 00 00 00 00 00 00 00 00 00 00 00 00 00 00 00 00 00 00 00 00 00 00 00 00
%ymm1    00 00 00 00 00 00 00 00 00 00 00 00 00 00 00 00 00 00 00 00 00 00 00 00 00 00 00 00 00 00 00 00
%ymm2    00 00 00 00 00 00 00 00 00 00 00 00 00 00 00 00 00 00 00 00 00 00 00 00 00 00 00 00 00 00 00 00
%ymm3    00 00 00 00 00 00 00 00 00 00 00 00 00 00 00 00 00 00 00 00 00 00 00 00 00 00 00 00 00 00 00 00
%ymm4    00 00 00 00 00 00 00 00 00 00 00 00 00 00 00 00 00 00 00 00 00 00 00 00 00 00 00 00 00 00 00 00
%ymm5    00 00 00 00 00 00 00 00 00 00 00 00 00 00 00 00 00 00 00 00 00 00 00 00 00 00 00 00 00 00 00 00
%ymm6    00 00 00 00 00 00 00 00 00 00 00 00 00 00 00 00 00 00 00 00 00 00 00 00 00 00 00 00 00 00 00 00
%ymm7    00 00 00 00 00 00 00 00 00 00 00 00 00 00 00 00 00 00 00 00 00 00 00 00 00 00 00 00 00 00 00 00
%ymm8    00 00 00 00 00 00 00 00 00 00 00 00 00 00 00 00 00 00 00 00 00 00 00 00 00 00 00 00 00 00 00 00
%ymm9    00 00 00 00 00 00 00 00 00 00 00 00 00 00 00 00 00 00 00 00 00 00 00 00 00 00 00 00 00 00 00 00
%ymm10   00 00 00 00 00 00 00 00 00 00 00 00 00 00 00 00 00 00 00 00 00 00 00 00 00 00 00 00 00 00 00 00
%ymm11   00 00 00 00 00 00 00 00 00 00 00 00 00 00 00 00 00 00 00 00 00 00 00 00 00 00 00 00 00 00 00 00
%ymm12   00 00 00 00 00 00 00 00 00 00 00 00 00 00 00 00 00 00 00 00 00 00 00 00 00 00 00 00 00 00 00 00
%ymm13   00 00 00 00 00 00 00 00 00 00 00 00 00 00 00 00 00 00 00 00 00 00 00 00 00 00 00 00 00 00 00 00
%ymm14   00 00 00 00 00 00 00 00 00 00 00 00 00 00 00 00 00 00 00 00 00 00 00 00 00 00 00 00 00 00 00 00
%ymm15   00 00 00 00 00 00 00 00 00 00 00 00 00 00 00 00 00 00 00 00 00 00 00 00 00 00 00 00 00 00 00 00

%cf      0 
%1       1 
%pf      0 
%0       0 
%af      0 
%0       0 
%zf      0 
%sf      0 
%tf      0 
%if      1 
%df      0 
%of      0 
%iopl[0] 0 
%iopl[1] 0 
%nt      0 
%0       0 
%rf      0 
%vm      0 
%ac      0 
%vif     0 
%vip     0 
%id      0 

[ 00000000 aaaaaaa8 - 00000000 aaaaaa80 ]
[ 2 valid rows shown ]

00000000 aaaaaaa0   . . . . . . v v   00 00 00 00 00 00 00 80 
00000000 aaaaaa98   v v . . . . . .   80 80 00 00 00 00 00 00 

[ 00000000 8aaaacc8 - 00000000 8aaaaca0 ]
[ 2 valid rows shown ]

00000000 8aaaacc0   . . . . . . . v   00 00 00 00 00 00 00 00 
00000000 8aaaacb8   v . . . . . . .   00 00 00 00 00 00 00 00 

[ 00000000 00000000 - 00000000 00000000 ]
[ 0 valid rows shown ]

0 more segment(s)


Testcase 6:

SIGNAL 0 [normal exit]

%rax     00 00 00 00 00 00 00 00
%rcx     00 00 00 00 00 00 00 00
%rdx     00 00 00 00 00 00 00 01
%rbx     00 00 00 00 00 00 00 00
%rsp     00 00 00 00 00 00 00 00
%rbp     00 00 00 00 00 00 00 00
%rsi     00 00 00 00 ff ff ff 00
%rdi     00 00 00 00 40 00 00 00
%r8      00 00 00 00 00 00 00 00
%r9      00 00 00 00 00 00 00 00
%r10     00 00 00 00 00 00 00 00
%r11     00 00 00 00 00 00 00 00
%r12     00 00 00 00 00 00 00 00
%r13     00 00 00 00 00 00 00 00
%r14     00 00 00 00 00 00 00 00
%r15     7f ff ff ff ff ff ff ff

%ymm0    00 00 00 00 00 00 00 00 00 00 00 00 00 00 00 00 00 00 00 00 00 00 00 00 00 00 00 00 00 00 00 00
%ymm1    00 00 00 00 00 00 00 00 00 00 00 00 00 00 00 00 00 00 00 00 00 00 00 00 00 00 00 00 00 00 00 00
%ymm2    00 00 00 00 00 00 00 00 00 00 00 00 00 00 00 00 00 00 00 00 00 00 00 00 00 00 00 00 00 00 00 00
%ymm3    00 00 00 00 00 00 00 00 00 00 00 00 00 00 00 00 00 00 00 00 00 00 00 00 00 00 00 00 00 00 00 00
%ymm4    00 00 00 00 00 00 00 00 00 00 00 00 00 00 00 00 00 00 00 00 00 00 00 00 00 00 00 00 00 00 00 00
%ymm5    00 00 00 00 00 00 00 00 00 00 00 00 00 00 00 00 00 00 00 00 00 00 00 00 00 00 00 00 00 00 00 00
%ymm6    00 00 00 00 00 00 00 00 00 00 00 00 00 00 00 00 00 00 00 00 00 00 00 00 00 00 00 00 00 00 00 00
%ymm7    00 00 00 00 00 00 00 00 00 00 00 00 00 00 00 00 00 00 00 00 00 00 00 00 00 00 00 00 00 00 00 00
%ymm8    00 00 00 00 00 00 00 00 00 00 00 00 00 00 00 00 00 00 00 00 00 00 00 00 00 00 00 00 00 00 00 00
%ymm9    00 00 00 00 00 00 00 00 00 00 00 00 00 00 00 00 00 00 00 00 00 00 00 00 00 00 00 00 00 00 00 00
%ymm10   00 00 00 00 00 00 00 00 00 00 00 00 00 00 00 00 00 00 00 00 00 00 00 00 00 00 00 00 00 00 00 00
%ymm11   00 00 00 00 00 00 00 00 00 00 00 00 00 00 00 00 00 00 00 00 00 00 00 00 00 00 00 00 00 00 00 00
%ymm12   00 00 00 00 00 00 00 00 00 00 00 00 00 00 00 00 00 00 00 00 00 00 00 00 00 00 00 00 00 00 00 00
%ymm13   00 00 00 00 00 00 00 00 00 00 00 00 00 00 00 00 00 00 00 00 00 00 00 00 00 00 00 00 00 00 00 00
%ymm14   00 00 00 00 00 00 00 00 00 00 00 00 00 00 00 00 00 00 00 00 00 00 00 00 00 00 00 00 00 00 00 00
%ymm15   00 00 00 00 00 00 00 00 00 00 00 00 00 00 00 00 00 00 00 00 00 00 00 00 00 00 00 00 00 00 00 00

%cf      0 
%1       1 
%pf      0 
%0       0 
%af      0 
%0       0 
%zf      0 
%sf      0 
%tf      0 
%if      1 
%df      0 
%of      0 
%iopl[0] 0 
%iopl[1] 0 
%nt      0 
%0       0 
%rf      0 
%vm      0 
%ac      0 
%vif     0 
%vip     0 
%id      0 

[ 80000000 ffffff08 - 80000000 fffffee0 ]
[ 2 valid rows shown ]

80000000 ffffff00   . . . . . . . v   00 00 00 00 00 00 00 00 
80000000 fffffef8   v . . . . . . .   80 00 00 00 00 00 00 00 

[ 80000000 40000000 - 80000000 3fffffe0 ]
[ 1 valid rows shown ]

80000000 3ffffff8   v . . . . . . .   00 00 00 00 00 00 00 00 

[ 00000000 00000000 - 00000000 00000000 ]
[ 0 valid rows shown ]

0 more segment(s)


Testcase 7:

SIGNAL 0 [normal exit]

%rax     00 00 00 00 00 00 00 00
%rcx     00 00 00 00 00 00 00 00
%rdx     00 00 00 00 00 00 00 01
%rbx     00 00 00 00 00 00 00 00
%rsp     00 00 00 00 00 00 00 00
%rbp     00 00 00 00 00 00 00 00
%rsi     00 00 00 00 c7 7f ff fd
%rdi     00 00 00 00 ff a0 00 40
%r8      00 00 00 00 00 00 00 00
%r9      00 00 00 00 00 00 00 00
%r10     00 00 00 00 00 00 00 00
%r11     00 00 00 00 00 00 00 00
%r12     00 00 00 00 00 00 00 00
%r13     00 00 00 00 00 00 00 00
%r14     00 00 00 00 00 00 00 00
%r15     ff ff ff ff f0 3f ef bf

%ymm0    00 00 00 00 00 00 00 00 00 00 00 00 00 00 00 00 00 00 00 00 00 00 00 00 00 00 00 00 00 00 00 00
%ymm1    00 00 00 00 00 00 00 00 00 00 00 00 00 00 00 00 00 00 00 00 00 00 00 00 00 00 00 00 00 00 00 00
%ymm2    00 00 00 00 00 00 00 00 00 00 00 00 00 00 00 00 00 00 00 00 00 00 00 00 00 00 00 00 00 00 00 00
%ymm3    00 00 00 00 00 00 00 00 00 00 00 00 00 00 00 00 00 00 00 00 00 00 00 00 00 00 00 00 00 00 00 00
%ymm4    00 00 00 00 00 00 00 00 00 00 00 00 00 00 00 00 00 00 00 00 00 00 00 00 00 00 00 00 00 00 00 00
%ymm5    00 00 00 00 00 00 00 00 00 00 00 00 00 00 00 00 00 00 00 00 00 00 00 00 00 00 00 00 00 00 00 00
%ymm6    00 00 00 00 00 00 00 00 00 00 00 00 00 00 00 00 00 00 00 00 00 00 00 00 00 00 00 00 00 00 00 00
%ymm7    00 00 00 00 00 00 00 00 00 00 00 00 00 00 00 00 00 00 00 00 00 00 00 00 00 00 00 00 00 00 00 00
%ymm8    00 00 00 00 00 00 00 00 00 00 00 00 00 00 00 00 00 00 00 00 00 00 00 00 00 00 00 00 00 00 00 00
%ymm9    00 00 00 00 00 00 00 00 00 00 00 00 00 00 00 00 00 00 00 00 00 00 00 00 00 00 00 00 00 00 00 00
%ymm10   00 00 00 00 00 00 00 00 00 00 00 00 00 00 00 00 00 00 00 00 00 00 00 00 00 00 00 00 00 00 00 00
%ymm11   00 00 00 00 00 00 00 00 00 00 00 00 00 00 00 00 00 00 00 00 00 00 00 00 00 00 00 00 00 00 00 00
%ymm12   00 00 00 00 00 00 00 00 00 00 00 00 00 00 00 00 00 00 00 00 00 00 00 00 00 00 00 00 00 00 00 00
%ymm13   00 00 00 00 00 00 00 00 00 00 00 00 00 00 00 00 00 00 00 00 00 00 00 00 00 00 00 00 00 00 00 00
%ymm14   00 00 00 00 00 00 00 00 00 00 00 00 00 00 00 00 00 00 00 00 00 00 00 00 00 00 00 00 00 00 00 00
%ymm15   00 00 00 00 00 00 00 00 00 00 00 00 00 00 00 00 00 00 00 00 00 00 00 00 00 00 00 00 00 00 00 00

%cf      0 
%1       1 
%pf      0 
%0       0 
%af      0 
%0       0 
%zf      0 
%sf      0 
%tf      0 
%if      1 
%df      0 
%of      0 
%iopl[0] 0 
%iopl[1] 0 
%nt      0 
%0       0 
%rf      0 
%vm      0 
%ac      0 
%vif     0 
%vip     0 
%id      0 

[ 00000000 efdff000 - 00000000 efdfefe0 ]
[ 1 valid rows shown ]

00000000 efdfeff8   v . . . . . . .   00 00 00 00 00 00 00 00 

[ 00000000 b7bfefc0 - 00000000 b7bfefa0 ]
[ 1 valid rows shown ]

00000000 b7bfefb8   . v v v . . . .   00 00 01 08 00 00 00 00 

[ 00000000 00000000 - 00000000 00000000 ]
[ 0 valid rows shown ]

0 more segment(s)
