Testcase 0:

SIGNAL 0 [normal exit]

%rax     00 00 00 00 00 00 00 00
%rcx     00 00 00 00 00 00 00 00
%rdx     00 00 00 00 00 00 00 00
%rbx     00 00 00 00 00 00 00 00
%rsp     00 00 00 00 00 00 00 00
%rbp     00 00 00 00 00 00 00 00
%rsi     00 00 00 00 c0 00 ff f7
%rdi     00 00 00 00 ff bf ff fa
%r8      00 00 00 00 00 00 00 00
%r9      00 00 00 00 00 00 00 00
%r10     00 00 00 00 00 00 00 00
%r11     00 00 00 00 00 00 00 00
%r12     00 00 00 00 00 00 00 00
%r13     00 00 00 00 00 00 00 00
%r14     00 00 00 00 00 00 00 00
%r15     ff ff ff ff ff c0 00 05

%ymm0    00 00 00 00 00 00 00 00 00 00 00 00 00 00 00 00 00 00 00 00 00 00 00 00 00 00 00 00 00 00 00 00
%ymm1    00 00 00 00 00 00 00 00 00 00 00 00 00 00 00 00 00 00 00 00 00 00 00 00 00 00 00 00 00 00 00 00
%ymm2    00 00 00 00 00 00 00 00 00 00 00 00 00 00 00 00 00 00 00 00 00 00 00 00 00 00 00 00 00 00 00 00
%ymm3    00 00 00 00 00 00 00 00 00 00 00 00 00 00 00 00 00 00 00 00 00 00 00 00 00 00 00 00 00 00 00 00
%ymm4    00 00 00 00 00 00 00 00 00 00 00 00 00 00 00 00 00 00 00 00 00 00 00 00 00 00 00 00 00 00 00 00
%ymm5    00 00 00 00 00 00 00 00 00 00 00 00 00 00 00 00 00 00 00 00 00 00 00 00 00 00 00 00 00 00 00 00
%ymm6    00 00 00 00 00 00 00 00 00 00 00 00 00 00 00 00 00 00 00 00 00 00 00 00 00 00 00 00 00 00 00 00
%ymm7    00 00 00 00 00 00 00 00 00 00 00 00 00 00 00 00 00 00 00 00 00 00 00 00 00 00 00 00 00 00 00 00
%ymm8    00 00 00 00 00 00 00 00 00 00 00 00 00 00 00 00 00 00 00 00 00 00 00 00 00 00 00 00 00 00 00 00
%ymm9    00 00 00 00 00 00 00 00 00 00 00 00 00 00 00 00 00 00 00 00 00 00 00 00 00 00 00 00 00 00 00 00
%ymm10   00 00 00 00 00 00 00 00 00 00 00 00 00 00 00 00 00 00 00 00 00 00 00 00 00 00 00 00 00 00 00 00
%ymm11   00 00 00 00 00 00 00 00 00 00 00 00 00 00 00 00 00 00 00 00 00 00 00 00 00 00 00 00 00 00 00 00
%ymm12   00 00 00 00 00 00 00 00 00 00 00 00 00 00 00 00 00 00 00 00 00 00 00 00 00 00 00 00 00 00 00 00
%ymm13   00 00 00 00 00 00 00 00 00 00 00 00 00 00 00 00 00 00 00 00 00 00 00 00 00 00 00 00 00 00 00 00
%ymm14   00 00 00 00 00 00 00 00 00 00 00 00 00 00 00 00 00 00 00 00 00 00 00 00 00 00 00 00 00 00 00 00
%ymm15   00 00 00 00 00 00 00 00 00 00 00 00 00 00 00 00 00 00 00 00 00 00 00 00 00 00 00 00 00 00 00 00

%cf      0 
%1       1 
%pf      0 
%0       0 
%af      0 
%0       0 
%zf      0 
%sf      0 
%tf      0 
%if      1 
%df      0 
%of      0 
%iopl[0] 0 
%iopl[1] 0 
%nt      0 
%0       0 
%rf      0 
%vm      0 
%ac      0 
%vif     0 
%vip     0 
%id      0 

[ 00000000 ff800010 - 00000000 ff7fffe0 ]
[ 3 valid rows shown ]

00000000 ff800008   . . . . . v v v   00 00 00 00 00 00 00 00 
00000000 ff800000   v v v v v v v v   00 00 00 00 00 80 00 00 
00000000 ff7ffff8   v . . . . . . .   00 00 00 00 00 00 00 00 

[ 00000000 bfc10008 - 00000000 bfc0ffe0 ]
[ 2 valid rows shown ]

00000000 bfc10000   . . . . v v v v   00 00 00 00 00 00 00 00 
00000000 bfc0fff8   v v v v . . . .   80 00 00 00 00 00 00 00 

[ 00000000 00000000 - 00000000 00000000 ]
[ 0 valid rows shown ]

0 more segment(s)


Testcase 1:

SIGNAL 0 [normal exit]

%rax     00 00 00 00 00 00 00 00
%rcx     00 00 00 00 00 00 00 00
%rdx     00 00 00 00 00 00 00 00
%rbx     00 00 00 00 00 00 00 00
%rsp     00 00 00 00 00 00 00 00
%rbp     00 00 00 00 00 00 00 00
%rsi     00 00 00 00 ff c5 55 47
%rdi     00 00 00 00 ff ff ff f2
%r8      00 00 00 00 00 00 00 00
%r9      00 00 00 00 00 00 00 00
%r10     00 00 00 00 00 00 00 00
%r11     00 00 00 00 00 00 00 00
%r12     00 00 00 00 00 00 00 00
%r13     00 00 00 00 00 00 00 00
%r14     00 00 00 00 00 00 00 00
%r15     ff ff ff ff aa aa aa ad

%ymm0    00 00 00 00 00 00 00 00 00 00 00 00 00 00 00 00 00 00 00 00 00 00 00 00 00 00 00 00 00 00 00 00
%ymm1    00 00 00 00 00 00 00 00 00 00 00 00 00 00 00 00 00 00 00 00 00 00 00 00 00 00 00 00 00 00 00 00
%ymm2    00 00 00 00 00 00 00 00 00 00 00 00 00 00 00 00 00 00 00 00 00 00 00 00 00 00 00 00 00 00 00 00
%ymm3    00 00 00 00 00 00 00 00 00 00 00 00 00 00 00 00 00 00 00 00 00 00 00 00 00 00 00 00 00 00 00 00
%ymm4    00 00 00 00 00 00 00 00 00 00 00 00 00 00 00 00 00 00 00 00 00 00 00 00 00 00 00 00 00 00 00 00
%ymm5    00 00 00 00 00 00 00 00 00 00 00 00 00 00 00 00 00 00 00 00 00 00 00 00 00 00 00 00 00 00 00 00
%ymm6    00 00 00 00 00 00 00 00 00 00 00 00 00 00 00 00 00 00 00 00 00 00 00 00 00 00 00 00 00 00 00 00
%ymm7    00 00 00 00 00 00 00 00 00 00 00 00 00 00 00 00 00 00 00 00 00 00 00 00 00 00 00 00 00 00 00 00
%ymm8    00 00 00 00 00 00 00 00 00 00 00 00 00 00 00 00 00 00 00 00 00 00 00 00 00 00 00 00 00 00 00 00
%ymm9    00 00 00 00 00 00 00 00 00 00 00 00 00 00 00 00 00 00 00 00 00 00 00 00 00 00 00 00 00 00 00 00
%ymm10   00 00 00 00 00 00 00 00 00 00 00 00 00 00 00 00 00 00 00 00 00 00 00 00 00 00 00 00 00 00 00 00
%ymm11   00 00 00 00 00 00 00 00 00 00 00 00 00 00 00 00 00 00 00 00 00 00 00 00 00 00 00 00 00 00 00 00
%ymm12   00 00 00 00 00 00 00 00 00 00 00 00 00 00 00 00 00 00 00 00 00 00 00 00 00 00 00 00 00 00 00 00
%ymm13   00 00 00 00 00 00 00 00 00 00 00 00 00 00 00 00 00 00 00 00 00 00 00 00 00 00 00 00 00 00 00 00
%ymm14   00 00 00 00 00 00 00 00 00 00 00 00 00 00 00 00 00 00 00 00 00 00 00 00 00 00 00 00 00 00 00 00
%ymm15   00 00 00 00 00 00 00 00 00 00 00 00 00 00 00 00 00 00 00 00 00 00 00 00 00 00 00 00 00 00 00 00

%cf      0 
%1       1 
%pf      0 
%0       0 
%af      0 
%0       0 
%zf      0 
%sf      0 
%tf      0 
%if      1 
%df      0 
%of      0 
%iopl[0] 0 
%iopl[1] 0 
%nt      0 
%0       0 
%rf      0 
%vm      0 
%ac      0 
%vif     0 
%vip     0 
%id      0 

[ 00000000 aaaaaab0 - 00000000 aaaaaa80 ]
[ 3 valid rows shown ]

00000000 aaaaaaa8   . v v v v v v v   00 00 00 00 00 00 00 00 
00000000 aaaaaaa0   v v v v v v v v   00 00 00 00 00 00 00 20 
00000000 aaaaaa98   v . . . . . . .   00 00 00 00 00 00 00 00 

[ 00000000 aa700000 - 00000000 aa6fffe0 ]
[ 2 valid rows shown ]

00000000 aa6ffff8   v v v v v v v v   00 00 00 00 80 00 00 00 
00000000 aa6ffff0   v v v v . . . .   80 00 00 00 00 00 00 00 

[ 00000000 00000000 - 00000000 00000000 ]
[ 0 valid rows shown ]

0 more segment(s)


Testcase 2:

SIGNAL 0 [normal exit]

%rax     00 00 00 00 00 00 00 00
%rcx     00 00 00 00 00 00 00 00
%rdx     00 00 00 00 00 00 00 00
%rbx     00 00 00 00 00 00 00 00
%rsp     00 00 00 00 00 00 00 00
%rbp     00 00 00 00 00 00 00 00
%rsi     00 00 00 00 16 ff fa df
%rdi     00 00 00 00 ff ff fd fc
%r8      00 00 00 00 00 00 00 00
%r9      00 00 00 00 00 00 00 00
%r10     00 00 00 00 00 00 00 00
%r11     00 00 00 00 00 00 00 00
%r12     00 00 00 00 00 00 00 00
%r13     00 00 00 00 00 00 00 00
%r14     00 00 00 00 00 00 00 00
%r15     ff ff ff ff aa aa aa 1d

%ymm0    00 00 00 00 00 00 00 00 00 00 00 00 00 00 00 00 00 00 00 00 00 00 00 00 00 00 00 00 00 00 00 00
%ymm1    00 00 00 00 00 00 00 00 00 00 00 00 00 00 00 00 00 00 00 00 00 00 00 00 00 00 00 00 00 00 00 00
%ymm2    00 00 00 00 00 00 00 00 00 00 00 00 00 00 00 00 00 00 00 00 00 00 00 00 00 00 00 00 00 00 00 00
%ymm3    00 00 00 00 00 00 00 00 00 00 00 00 00 00 00 00 00 00 00 00 00 00 00 00 00 00 00 00 00 00 00 00
%ymm4    00 00 00 00 00 00 00 00 00 00 00 00 00 00 00 00 00 00 00 00 00 00 00 00 00 00 00 00 00 00 00 00
%ymm5    00 00 00 00 00 00 00 00 00 00 00 00 00 00 00 00 00 00 00 00 00 00 00 00 00 00 00 00 00 00 00 00
%ymm6    00 00 00 00 00 00 00 00 00 00 00 00 00 00 00 00 00 00 00 00 00 00 00 00 00 00 00 00 00 00 00 00
%ymm7    00 00 00 00 00 00 00 00 00 00 00 00 00 00 00 00 00 00 00 00 00 00 00 00 00 00 00 00 00 00 00 00
%ymm8    00 00 00 00 00 00 00 00 00 00 00 00 00 00 00 00 00 00 00 00 00 00 00 00 00 00 00 00 00 00 00 00
%ymm9    00 00 00 00 00 00 00 00 00 00 00 00 00 00 00 00 00 00 00 00 00 00 00 00 00 00 00 00 00 00 00 00
%ymm10   00 00 00 00 00 00 00 00 00 00 00 00 00 00 00 00 00 00 00 00 00 00 00 00 00 00 00 00 00 00 00 00
%ymm11   00 00 00 00 00 00 00 00 00 00 00 00 00 00 00 00 00 00 00 00 00 00 00 00 00 00 00 00 00 00 00 00
%ymm12   00 00 00 00 00 00 00 00 00 00 00 00 00 00 00 00 00 00 00 00 00 00 00 00 00 00 00 00 00 00 00 00
%ymm13   00 00 00 00 00 00 00 00 00 00 00 00 00 00 00 00 00 00 00 00 00 00 00 00 00 00 00 00 00 00 00 00
%ymm14   00 00 00 00 00 00 00 00 00 00 00 00 00 00 00 00 00 00 00 00 00 00 00 00 00 00 00 00 00 00 00 00
%ymm15   00 00 00 00 00 00 00 00 00 00 00 00 00 00 00 00 00 00 00 00 00 00 00 00 00 00 00 00 00 00 00 00

%cf      0 
%1       1 
%pf      0 
%0       0 
%af      0 
%0       0 
%zf      0 
%sf      0 
%tf      0 
%if      1 
%df      0 
%of      0 
%iopl[0] 0 
%iopl[1] 0 
%nt      0 
%0       0 
%rf      0 
%vm      0 
%ac      0 
%vif     0 
%vip     0 
%id      0 

[ ffffffff c1aaa500 - ffffffff c1aaa4e0 ]
[ 1 valid rows shown ]

ffffffff c1aaa4f8   v v v v . . . .   00 00 00 00 00 00 00 00 

[ 00000000 aaaaa828 - 00000000 aaaaa800 ]
[ 2 valid rows shown ]

00000000 aaaaa820   . . . . . . . v   00 00 00 00 00 00 00 00 
00000000 aaaaa818   v v v v v v v .   00 00 00 80 00 00 00 00 

[ 00000000 00000000 - 00000000 00000000 ]
[ 0 valid rows shown ]

0 more segment(s)


Testcase 3:

SIGNAL 0 [normal exit]

%rax     00 00 00 00 00 00 00 00
%rcx     00 00 00 00 00 00 00 00
%rdx     00 00 00 00 00 00 00 00
%rbx     00 00 00 00 00 00 00 00
%rsp     00 00 00 00 00 00 00 00
%rbp     00 00 00 00 00 00 00 00
%rsi     00 00 00 00 80 22 df fd
%rdi     00 00 00 00 df 1c c0 30
%r8      00 00 00 00 00 00 00 00
%r9      00 00 00 00 00 00 00 00
%r10     00 00 00 00 00 00 00 00
%r11     00 00 00 00 00 00 00 00
%r12     00 00 00 00 00 00 00 00
%r13     00 00 00 00 00 00 00 00
%r14     00 00 00 00 00 00 00 00
%r15     ff ff ff ff ff dc fc 01

%ymm0    00 00 00 00 00 00 00 00 00 00 00 00 00 00 00 00 00 00 00 00 00 00 00 00 00 00 00 00 00 00 00 00
%ymm1    00 00 00 00 00 00 00 00 00 00 00 00 00 00 00 00 00 00 00 00 00 00 00 00 00 00 00 00 00 00 00 00
%ymm2    00 00 00 00 00 00 00 00 00 00 00 00 00 00 00 00 00 00 00 00 00 00 00 00 00 00 00 00 00 00 00 00
%ymm3    00 00 00 00 00 00 00 00 00 00 00 00 00 00 00 00 00 00 00 00 00 00 00 00 00 00 00 00 00 00 00 00
%ymm4    00 00 00 00 00 00 00 00 00 00 00 00 00 00 00 00 00 00 00 00 00 00 00 00 00 00 00 00 00 00 00 00
%ymm5    00 00 00 00 00 00 00 00 00 00 00 00 00 00 00 00 00 00 00 00 00 00 00 00 00 00 00 00 00 00 00 00
%ymm6    00 00 00 00 00 00 00 00 00 00 00 00 00 00 00 00 00 00 00 00 00 00 00 00 00 00 00 00 00 00 00 00
%ymm7    00 00 00 00 00 00 00 00 00 00 00 00 00 00 00 00 00 00 00 00 00 00 00 00 00 00 00 00 00 00 00 00
%ymm8    00 00 00 00 00 00 00 00 00 00 00 00 00 00 00 00 00 00 00 00 00 00 00 00 00 00 00 00 00 00 00 00
%ymm9    00 00 00 00 00 00 00 00 00 00 00 00 00 00 00 00 00 00 00 00 00 00 00 00 00 00 00 00 00 00 00 00
%ymm10   00 00 00 00 00 00 00 00 00 00 00 00 00 00 00 00 00 00 00 00 00 00 00 00 00 00 00 00 00 00 00 00
%ymm11   00 00 00 00 00 00 00 00 00 00 00 00 00 00 00 00 00 00 00 00 00 00 00 00 00 00 00 00 00 00 00 00
%ymm12   00 00 00 00 00 00 00 00 00 00 00 00 00 00 00 00 00 00 00 00 00 00 00 00 00 00 00 00 00 00 00 00
%ymm13   00 00 00 00 00 00 00 00 00 00 00 00 00 00 00 00 00 00 00 00 00 00 00 00 00 00 00 00 00 00 00 00
%ymm14   00 00 00 00 00 00 00 00 00 00 00 00 00 00 00 00 00 00 00 00 00 00 00 00 00 00 00 00 00 00 00 00
%ymm15   00 00 00 00 00 00 00 00 00 00 00 00 00 00 00 00 00 00 00 00 00 00 00 00 00 00 00 00 00 00 00 00

%cf      0 
%1       1 
%pf      0 
%0       0 
%af      0 
%0       0 
%zf      0 
%sf      0 
%tf      0 
%if      1 
%df      0 
%of      0 
%iopl[0] 0 
%iopl[1] 0 
%nt      0 
%0       0 
%rf      0 
%vm      0 
%ac      0 
%vif     0 
%vip     0 
%id      0 

[ 00000000 def9bc48 - 00000000 def9bc20 ]
[ 3 valid rows shown ]

00000000 def9bc40   . . . . . . . v   00 00 00 00 00 00 00 00 
00000000 def9bc38   v v v v v v v v   00 00 00 00 00 00 00 80 
00000000 def9bc30   v v v v v v v .   00 00 00 00 00 00 02 00 

[ 00000000 7fffdc08 - 00000000 7fffdbe0 ]
[ 2 valid rows shown ]

00000000 7fffdc00   . . v v v v v v   00 00 00 00 00 00 00 00 
00000000 7fffdbf8   v v . . . . . .   08 00 00 00 00 00 00 00 

[ 00000000 00000000 - 00000000 00000000 ]
[ 0 valid rows shown ]

0 more segment(s)


Testcase 4:

SIGNAL 0 [normal exit]

%rax     00 00 00 00 00 00 00 00
%rcx     00 00 00 00 00 00 00 00
%rdx     00 00 00 00 00 00 00 00
%rbx     00 00 00 00 00 00 00 00
%rsp     00 00 00 00 00 00 00 00
%rbp     00 00 00 00 00 00 00 00
%rsi     00 00 00 00 ff ff ff f7
%rdi     00 00 00 00 ff ef ff fe
%r8      00 00 00 00 00 00 00 00
%r9      00 00 00 00 00 00 00 00
%r10     00 00 00 00 00 00 00 00
%r11     00 00 00 00 00 00 00 00
%r12     00 00 00 00 00 00 00 00
%r13     00 00 00 00 00 00 00 00
%r14     00 00 00 00 00 00 00 00
%r15     ff ff ff ff ff f0 00 01

%ymm0    00 00 00 00 00 00 00 00 00 00 00 00 00 00 00 00 00 00 00 00 00 00 00 00 00 00 00 00 00 00 00 00
%ymm1    00 00 00 00 00 00 00 00 00 00 00 00 00 00 00 00 00 00 00 00 00 00 00 00 00 00 00 00 00 00 00 00
%ymm2    00 00 00 00 00 00 00 00 00 00 00 00 00 00 00 00 00 00 00 00 00 00 00 00 00 00 00 00 00 00 00 00
%ymm3    00 00 00 00 00 00 00 00 00 00 00 00 00 00 00 00 00 00 00 00 00 00 00 00 00 00 00 00 00 00 00 00
%ymm4    00 00 00 00 00 00 00 00 00 00 00 00 00 00 00 00 00 00 00 00 00 00 00 00 00 00 00 00 00 00 00 00
%ymm5    00 00 00 00 00 00 00 00 00 00 00 00 00 00 00 00 00 00 00 00 00 00 00 00 00 00 00 00 00 00 00 00
%ymm6    00 00 00 00 00 00 00 00 00 00 00 00 00 00 00 00 00 00 00 00 00 00 00 00 00 00 00 00 00 00 00 00
%ymm7    00 00 00 00 00 00 00 00 00 00 00 00 00 00 00 00 00 00 00 00 00 00 00 00 00 00 00 00 00 00 00 00
%ymm8    00 00 00 00 00 00 00 00 00 00 00 00 00 00 00 00 00 00 00 00 00 00 00 00 00 00 00 00 00 00 00 00
%ymm9    00 00 00 00 00 00 00 00 00 00 00 00 00 00 00 00 00 00 00 00 00 00 00 00 00 00 00 00 00 00 00 00
%ymm10   00 00 00 00 00 00 00 00 00 00 00 00 00 00 00 00 00 00 00 00 00 00 00 00 00 00 00 00 00 00 00 00
%ymm11   00 00 00 00 00 00 00 00 00 00 00 00 00 00 00 00 00 00 00 00 00 00 00 00 00 00 00 00 00 00 00 00
%ymm12   00 00 00 00 00 00 00 00 00 00 00 00 00 00 00 00 00 00 00 00 00 00 00 00 00 00 00 00 00 00 00 00
%ymm13   00 00 00 00 00 00 00 00 00 00 00 00 00 00 00 00 00 00 00 00 00 00 00 00 00 00 00 00 00 00 00 00
%ymm14   00 00 00 00 00 00 00 00 00 00 00 00 00 00 00 00 00 00 00 00 00 00 00 00 00 00 00 00 00 00 00 00
%ymm15   00 00 00 00 00 00 00 00 00 00 00 00 00 00 00 00 00 00 00 00 00 00 00 00 00 00 00 00 00 00 00 00

%cf      0 
%1       1 
%pf      0 
%0       0 
%af      0 
%0       0 
%zf      0 
%sf      0 
%tf      0 
%if      1 
%df      0 
%of      0 
%iopl[0] 0 
%iopl[1] 0 
%nt      0 
%0       0 
%rf      0 
%vm      0 
%ac      0 
%vif     0 
%vip     0 
%id      0 

[ 00000000 fff00008 - 00000000 ffefffe0 ]
[ 2 valid rows shown ]

00000000 fff00000   . . . . v v v v   00 00 00 00 00 00 00 00 
00000000 ffeffff8   v v v v v v v v   80 00 00 00 80 00 00 00 

[ 00000000 ffe00018 - 00000000 ffdfffe0 ]
[ 4 valid rows shown ]

00000000 ffe00010   . . . . . v v v   00 00 00 00 00 00 00 00 
00000000 ffe00008   v v v v v v v v   00 00 00 00 00 00 00 00 
00000000 ffe00000   v v v v v v v v   00 80 00 00 00 80 00 00 
00000000 ffdffff8   v . . . . . . .   00 00 00 00 00 00 00 00 

[ 00000000 00000000 - 00000000 00000000 ]
[ 0 valid rows shown ]

0 more segment(s)


Testcase 5:

SIGNAL 0 [normal exit]

%rax     00 00 00 00 00 00 00 00
%rcx     00 00 00 00 00 00 00 00
%rdx     00 00 00 00 00 00 00 00
%rbx     00 00 00 00 00 00 00 00
%rsp     00 00 00 00 00 00 00 00
%rbp     00 00 00 00 00 00 00 00
%rsi     00 00 00 00 00 18 00 67
%rdi     00 00 00 00 ff ff ff e7
%r8      00 00 00 00 00 00 00 00
%r9      00 00 00 00 00 00 00 00
%r10     00 00 00 00 00 00 00 00
%r11     00 00 00 00 00 00 00 00
%r12     00 00 00 00 00 00 00 00
%r13     00 00 00 00 00 00 00 00
%r14     00 00 00 00 00 00 00 00
%r15     ff ff ff ff ff ff ff 97

%ymm0    00 00 00 00 00 00 00 00 00 00 00 00 00 00 00 00 00 00 00 00 00 00 00 00 00 00 00 00 00 00 00 00
%ymm1    00 00 00 00 00 00 00 00 00 00 00 00 00 00 00 00 00 00 00 00 00 00 00 00 00 00 00 00 00 00 00 00
%ymm2    00 00 00 00 00 00 00 00 00 00 00 00 00 00 00 00 00 00 00 00 00 00 00 00 00 00 00 00 00 00 00 00
%ymm3    00 00 00 00 00 00 00 00 00 00 00 00 00 00 00 00 00 00 00 00 00 00 00 00 00 00 00 00 00 00 00 00
%ymm4    00 00 00 00 00 00 00 00 00 00 00 00 00 00 00 00 00 00 00 00 00 00 00 00 00 00 00 00 00 00 00 00
%ymm5    00 00 00 00 00 00 00 00 00 00 00 00 00 00 00 00 00 00 00 00 00 00 00 00 00 00 00 00 00 00 00 00
%ymm6    00 00 00 00 00 00 00 00 00 00 00 00 00 00 00 00 00 00 00 00 00 00 00 00 00 00 00 00 00 00 00 00
%ymm7    00 00 00 00 00 00 00 00 00 00 00 00 00 00 00 00 00 00 00 00 00 00 00 00 00 00 00 00 00 00 00 00
%ymm8    00 00 00 00 00 00 00 00 00 00 00 00 00 00 00 00 00 00 00 00 00 00 00 00 00 00 00 00 00 00 00 00
%ymm9    00 00 00 00 00 00 00 00 00 00 00 00 00 00 00 00 00 00 00 00 00 00 00 00 00 00 00 00 00 00 00 00
%ymm10   00 00 00 00 00 00 00 00 00 00 00 00 00 00 00 00 00 00 00 00 00 00 00 00 00 00 00 00 00 00 00 00
%ymm11   00 00 00 00 00 00 00 00 00 00 00 00 00 00 00 00 00 00 00 00 00 00 00 00 00 00 00 00 00 00 00 00
%ymm12   00 00 00 00 00 00 00 00 00 00 00 00 00 00 00 00 00 00 00 00 00 00 00 00 00 00 00 00 00 00 00 00
%ymm13   00 00 00 00 00 00 00 00 00 00 00 00 00 00 00 00 00 00 00 00 00 00 00 00 00 00 00 00 00 00 00 00
%ymm14   00 00 00 00 00 00 00 00 00 00 00 00 00 00 00 00 00 00 00 00 00 00 00 00 00 00 00 00 00 00 00 00
%ymm15   00 00 00 00 00 00 00 00 00 00 00 00 00 00 00 00 00 00 00 00 00 00 00 00 00 00 00 00 00 00 00 00

%cf      0 
%1       1 
%pf      0 
%0       0 
%af      0 
%0       0 
%zf      0 
%sf      0 
%tf      0 
%if      1 
%df      0 
%of      0 
%iopl[0] 0 
%iopl[1] 0 
%nt      0 
%0       0 
%rf      0 
%vm      0 
%ac      0 
%vif     0 
%vip     0 
%id      0 

[ 00000000 ffffff90 - 00000000 ffffff60 ]
[ 3 valid rows shown ]

00000000 ffffff88   . . . . . . v v   00 00 00 00 00 00 00 00 
00000000 ffffff80   v v v v v v v v   00 00 80 00 00 00 80 00 
00000000 ffffff78   v v . . . . . .   00 00 00 00 00 00 00 00 

[ 00000000 00180008 - 00000000 0017ffe0 ]
[ 2 valid rows shown ]

00000000 00180000   . . . . . . v v   00 00 00 00 00 00 00 00 
00000000 0017fff8   v v . . . . . .   00 00 00 00 00 00 00 00 

[ 00000000 00000000 - 00000000 00000000 ]
[ 0 valid rows shown ]

0 more segment(s)


Testcase 6:

SIGNAL 0 [normal exit]

%rax     00 00 00 00 00 00 00 00
%rcx     00 00 00 00 00 00 00 00
%rdx     00 00 00 00 00 00 00 00
%rbx     00 00 00 00 00 00 00 00
%rsp     00 00 00 00 00 00 00 00
%rbp     00 00 00 00 00 00 00 00
%rsi     00 00 00 00 02 4c ae 87
%rdi     00 00 00 00 00 00 6e 85
%r8      00 00 00 00 00 00 00 00
%r9      00 00 00 00 00 00 00 00
%r10     00 00 00 00 00 00 00 00
%r11     00 00 00 00 00 00 00 00
%r12     00 00 00 00 00 00 00 00
%r13     00 00 00 00 00 00 00 00
%r14     00 00 00 00 00 00 00 00
%r15     bf ff ff ff 0d b2 11 77

%ymm0    00 00 00 00 00 00 00 00 00 00 00 00 00 00 00 00 00 00 00 00 00 00 00 00 00 00 00 00 00 00 00 00
%ymm1    00 00 00 00 00 00 00 00 00 00 00 00 00 00 00 00 00 00 00 00 00 00 00 00 00 00 00 00 00 00 00 00
%ymm2    00 00 00 00 00 00 00 00 00 00 00 00 00 00 00 00 00 00 00 00 00 00 00 00 00 00 00 00 00 00 00 00
%ymm3    00 00 00 00 00 00 00 00 00 00 00 00 00 00 00 00 00 00 00 00 00 00 00 00 00 00 00 00 00 00 00 00
%ymm4    00 00 00 00 00 00 00 00 00 00 00 00 00 00 00 00 00 00 00 00 00 00 00 00 00 00 00 00 00 00 00 00
%ymm5    00 00 00 00 00 00 00 00 00 00 00 00 00 00 00 00 00 00 00 00 00 00 00 00 00 00 00 00 00 00 00 00
%ymm6    00 00 00 00 00 00 00 00 00 00 00 00 00 00 00 00 00 00 00 00 00 00 00 00 00 00 00 00 00 00 00 00
%ymm7    00 00 00 00 00 00 00 00 00 00 00 00 00 00 00 00 00 00 00 00 00 00 00 00 00 00 00 00 00 00 00 00
%ymm8    00 00 00 00 00 00 00 00 00 00 00 00 00 00 00 00 00 00 00 00 00 00 00 00 00 00 00 00 00 00 00 00
%ymm9    00 00 00 00 00 00 00 00 00 00 00 00 00 00 00 00 00 00 00 00 00 00 00 00 00 00 00 00 00 00 00 00
%ymm10   00 00 00 00 00 00 00 00 00 00 00 00 00 00 00 00 00 00 00 00 00 00 00 00 00 00 00 00 00 00 00 00
%ymm11   00 00 00 00 00 00 00 00 00 00 00 00 00 00 00 00 00 00 00 00 00 00 00 00 00 00 00 00 00 00 00 00
%ymm12   00 00 00 00 00 00 00 00 00 00 00 00 00 00 00 00 00 00 00 00 00 00 00 00 00 00 00 00 00 00 00 00
%ymm13   00 00 00 00 00 00 00 00 00 00 00 00 00 00 00 00 00 00 00 00 00 00 00 00 00 00 00 00 00 00 00 00
%ymm14   00 00 00 00 00 00 00 00 00 00 00 00 00 00 00 00 00 00 00 00 00 00 00 00 00 00 00 00 00 00 00 00
%ymm15   00 00 00 00 00 00 00 00 00 00 00 00 00 00 00 00 00 00 00 00 00 00 00 00 00 00 00 00 00 00 00 00

%cf      0 
%1       1 
%pf      0 
%0       0 
%af      0 
%0       0 
%zf      0 
%sf      0 
%tf      0 
%if      1 
%df      0 
%of      0 
%iopl[0] 0 
%iopl[1] 0 
%nt      0 
%0       0 
%rf      0 
%vm      0 
%ac      0 
%vif     0 
%vip     0 
%id      0 

[ bfffffff 0ffec008 - bfffffff 0ffebfe0 ]
[ 2 valid rows shown ]

bfffffff 0ffec000   . . . . . . v v   00 00 00 00 00 00 00 00 
bfffffff 0ffebff8   v v . . . . . .   00 00 00 00 00 00 00 00 

[ bfffffff 0db28000 - bfffffff 0db27fe0 ]
[ 1 valid rows shown ]

bfffffff 0db27ff8   v v v v . . . .   00 00 00 00 00 00 00 00 

[ 00000000 00000000 - 00000000 00000000 ]
[ 0 valid rows shown ]

0 more segment(s)


Testcase 7:

SIGNAL 0 [normal exit]

%rax     00 00 00 00 00 00 00 00
%rcx     00 00 00 00 00 00 00 00
%rdx     00 00 00 00 00 00 00 00
%rbx     00 00 00 00 00 00 00 00
%rsp     00 00 00 00 00 00 00 00
%rbp     00 00 00 00 00 00 00 00
%rsi     00 00 00 00 81 55 55 5b
%rdi     00 00 00 00 ff ff ff fb
%r8      00 00 00 00 00 00 00 00
%r9      00 00 00 00 00 00 00 00
%r10     00 00 00 00 00 00 00 00
%r11     00 00 00 00 00 00 00 00
%r12     00 00 00 00 00 00 00 00
%r13     00 00 00 00 00 00 00 00
%r14     00 00 00 00 00 00 00 00
%r15     ff ff ff ff aa aa aa a1

%ymm0    00 00 00 00 00 00 00 00 00 00 00 00 00 00 00 00 00 00 00 00 00 00 00 00 00 00 00 00 00 00 00 00
%ymm1    00 00 00 00 00 00 00 00 00 00 00 00 00 00 00 00 00 00 00 00 00 00 00 00 00 00 00 00 00 00 00 00
%ymm2    00 00 00 00 00 00 00 00 00 00 00 00 00 00 00 00 00 00 00 00 00 00 00 00 00 00 00 00 00 00 00 00
%ymm3    00 00 00 00 00 00 00 00 00 00 00 00 00 00 00 00 00 00 00 00 00 00 00 00 00 00 00 00 00 00 00 00
%ymm4    00 00 00 00 00 00 00 00 00 00 00 00 00 00 00 00 00 00 00 00 00 00 00 00 00 00 00 00 00 00 00 00
%ymm5    00 00 00 00 00 00 00 00 00 00 00 00 00 00 00 00 00 00 00 00 00 00 00 00 00 00 00 00 00 00 00 00
%ymm6    00 00 00 00 00 00 00 00 00 00 00 00 00 00 00 00 00 00 00 00 00 00 00 00 00 00 00 00 00 00 00 00
%ymm7    00 00 00 00 00 00 00 00 00 00 00 00 00 00 00 00 00 00 00 00 00 00 00 00 00 00 00 00 00 00 00 00
%ymm8    00 00 00 00 00 00 00 00 00 00 00 00 00 00 00 00 00 00 00 00 00 00 00 00 00 00 00 00 00 00 00 00
%ymm9    00 00 00 00 00 00 00 00 00 00 00 00 00 00 00 00 00 00 00 00 00 00 00 00 00 00 00 00 00 00 00 00
%ymm10   00 00 00 00 00 00 00 00 00 00 00 00 00 00 00 00 00 00 00 00 00 00 00 00 00 00 00 00 00 00 00 00
%ymm11   00 00 00 00 00 00 00 00 00 00 00 00 00 00 00 00 00 00 00 00 00 00 00 00 00 00 00 00 00 00 00 00
%ymm12   00 00 00 00 00 00 00 00 00 00 00 00 00 00 00 00 00 00 00 00 00 00 00 00 00 00 00 00 00 00 00 00
%ymm13   00 00 00 00 00 00 00 00 00 00 00 00 00 00 00 00 00 00 00 00 00 00 00 00 00 00 00 00 00 00 00 00
%ymm14   00 00 00 00 00 00 00 00 00 00 00 00 00 00 00 00 00 00 00 00 00 00 00 00 00 00 00 00 00 00 00 00
%ymm15   00 00 00 00 00 00 00 00 00 00 00 00 00 00 00 00 00 00 00 00 00 00 00 00 00 00 00 00 00 00 00 00

%cf      0 
%1       1 
%pf      0 
%0       0 
%af      0 
%0       0 
%zf      0 
%sf      0 
%tf      0 
%if      1 
%df      0 
%of      0 
%iopl[0] 0 
%iopl[1] 0 
%nt      0 
%0       0 
%rf      0 
%vm      0 
%ac      0 
%vif     0 
%vip     0 
%id      0 

[ 00000000 aaaaaaa8 - 00000000 aaaaaa80 ]
[ 2 valid rows shown ]

00000000 aaaaaaa0   . . . . v v v v   00 00 00 00 00 00 00 00 
00000000 aaaaaa98   v v v v . . . .   00 00 00 00 00 00 00 00 

[ 00000000 2c000008 - 00000000 2bffffe0 ]
[ 2 valid rows shown ]

00000000 2c000000   . . . . v v v v   00 00 00 00 00 00 00 00 
00000000 2bfffff8   v v v v . . . .   80 00 00 00 00 00 00 00 

[ 00000000 00000000 - 00000000 00000000 ]
[ 0 valid rows shown ]

0 more segment(s)
