Testcase 0:

SIGNAL 0 [normal exit]

%rax     00 00 00 00 00 00 00 00
%rcx     00 00 00 00 00 00 00 00
%rdx     00 00 00 00 00 00 00 00
%rbx     00 00 00 00 00 00 00 00
%rsp     00 00 00 00 00 00 00 00
%rbp     00 00 00 00 00 00 00 00
%rsi     00 00 00 00 80 00 00 00
%rdi     00 00 00 00 ff fd fe 3f
%r8      00 00 00 00 00 00 00 00
%r9      00 00 00 00 00 00 00 00
%r10     00 00 00 00 00 00 00 00
%r11     00 00 00 00 00 00 00 00
%r12     00 00 00 00 00 00 00 00
%r13     00 00 00 00 00 00 00 00
%r14     00 00 00 00 00 00 00 00
%r15     ff fd ff ff bf fd fc 3f

%ymm0    00 00 00 00 00 00 00 00 00 00 00 00 00 00 00 00 00 00 00 00 00 00 00 00 00 00 00 00 00 00 00 00
%ymm1    00 00 00 00 00 00 00 00 00 00 00 00 00 00 00 00 00 00 00 00 00 00 00 00 00 00 00 00 00 00 00 00
%ymm2    00 00 00 00 00 00 00 00 00 00 00 00 00 00 00 00 00 00 00 00 00 00 00 00 00 00 00 00 00 00 00 00
%ymm3    00 00 00 00 00 00 00 00 00 00 00 00 00 00 00 00 00 00 00 00 00 00 00 00 00 00 00 00 00 00 00 00
%ymm4    00 00 00 00 00 00 00 00 00 00 00 00 00 00 00 00 00 00 00 00 00 00 00 00 00 00 00 00 00 00 00 00
%ymm5    00 00 00 00 00 00 00 00 00 00 00 00 00 00 00 00 00 00 00 00 00 00 00 00 00 00 00 00 00 00 00 00
%ymm6    00 00 00 00 00 00 00 00 00 00 00 00 00 00 00 00 00 00 00 00 00 00 00 00 00 00 00 00 00 00 00 00
%ymm7    00 00 00 00 00 00 00 00 00 00 00 00 00 00 00 00 00 00 00 00 00 00 00 00 00 00 00 00 00 00 00 00
%ymm8    00 00 00 00 00 00 00 00 00 00 00 00 00 00 00 00 00 00 00 00 00 00 00 00 00 00 00 00 00 00 00 00
%ymm9    00 00 00 00 00 00 00 00 00 00 00 00 00 00 00 00 00 00 00 00 00 00 00 00 00 00 00 00 00 00 00 00
%ymm10   00 00 00 00 00 00 00 00 00 00 00 00 00 00 00 00 00 00 00 00 00 00 00 00 00 00 00 00 00 00 00 00
%ymm11   00 00 00 00 00 00 00 00 00 00 00 00 00 00 00 00 00 00 00 00 00 00 00 00 00 00 00 00 00 00 00 00
%ymm12   00 00 00 00 00 00 00 00 00 00 00 00 00 00 00 00 00 00 00 00 00 00 00 00 00 00 00 00 00 00 00 00
%ymm13   00 00 00 00 00 00 00 00 00 00 00 00 00 00 00 00 00 00 00 00 00 00 00 00 00 00 00 00 00 00 00 00
%ymm14   00 00 00 00 00 00 00 00 00 00 00 00 00 00 00 00 00 00 00 00 00 00 00 00 00 00 00 00 00 00 00 00
%ymm15   00 00 00 00 00 00 00 00 00 00 00 00 00 00 00 00 00 00 00 00 00 00 00 00 00 00 00 00 00 00 00 00

%cf      0 
%1       1 
%pf      0 
%0       0 
%af      0 
%0       0 
%zf      0 
%sf      0 
%tf      0 
%if      1 
%df      0 
%of      0 
%iopl[0] 0 
%iopl[1] 0 
%nt      0 
%0       0 
%rf      0 
%vm      0 
%ac      0 
%vif     0 
%vip     0 
%id      0 

[ 00000007 00000000 - 00000007 00000000 ]
[ 0 valid rows shown ]

[ fffe0000 bffbfa88 - fffe0000 bffbfa60 ]
[ 2 valid rows shown ]

fffe0000 bffbfa80   . . . . . . v v   00 00 00 00 00 00 00 00 
fffe0000 bffbfa78   v v . . . . . .   00 00 00 00 00 00 00 00 

[ 00000000 00000000 - 00000000 00000000 ]
[ 0 valid rows shown ]

0 more segment(s)


Testcase 1:

SIGNAL 0 [normal exit]

%rax     00 00 00 00 00 00 00 00
%rcx     00 00 00 00 00 00 00 00
%rdx     00 00 00 00 00 00 00 00
%rbx     00 00 00 00 00 00 00 00
%rsp     00 00 00 00 00 00 00 00
%rbp     00 00 00 00 00 00 00 00
%rsi     00 00 00 00 7f ff ff 04
%rdi     00 00 00 00 7f ff ff fc
%r8      00 00 00 00 00 00 00 00
%r9      00 00 00 00 00 00 00 00
%r10     00 00 00 00 00 00 00 00
%r11     00 00 00 00 00 00 00 00
%r12     00 00 00 00 00 00 00 00
%r13     00 00 00 00 00 00 00 00
%r14     00 00 00 00 00 00 00 00
%r15     ff ff ff ff cb e0 00 20

%ymm0    00 00 00 00 00 00 00 00 00 00 00 00 00 00 00 00 00 00 00 00 00 00 00 00 00 00 00 00 00 00 00 00
%ymm1    00 00 00 00 00 00 00 00 00 00 00 00 00 00 00 00 00 00 00 00 00 00 00 00 00 00 00 00 00 00 00 00
%ymm2    00 00 00 00 00 00 00 00 00 00 00 00 00 00 00 00 00 00 00 00 00 00 00 00 00 00 00 00 00 00 00 00
%ymm3    00 00 00 00 00 00 00 00 00 00 00 00 00 00 00 00 00 00 00 00 00 00 00 00 00 00 00 00 00 00 00 00
%ymm4    00 00 00 00 00 00 00 00 00 00 00 00 00 00 00 00 00 00 00 00 00 00 00 00 00 00 00 00 00 00 00 00
%ymm5    00 00 00 00 00 00 00 00 00 00 00 00 00 00 00 00 00 00 00 00 00 00 00 00 00 00 00 00 00 00 00 00
%ymm6    00 00 00 00 00 00 00 00 00 00 00 00 00 00 00 00 00 00 00 00 00 00 00 00 00 00 00 00 00 00 00 00
%ymm7    00 00 00 00 00 00 00 00 00 00 00 00 00 00 00 00 00 00 00 00 00 00 00 00 00 00 00 00 00 00 00 00
%ymm8    00 00 00 00 00 00 00 00 00 00 00 00 00 00 00 00 00 00 00 00 00 00 00 00 00 00 00 00 00 00 00 00
%ymm9    00 00 00 00 00 00 00 00 00 00 00 00 00 00 00 00 00 00 00 00 00 00 00 00 00 00 00 00 00 00 00 00
%ymm10   00 00 00 00 00 00 00 00 00 00 00 00 00 00 00 00 00 00 00 00 00 00 00 00 00 00 00 00 00 00 00 00
%ymm11   00 00 00 00 00 00 00 00 00 00 00 00 00 00 00 00 00 00 00 00 00 00 00 00 00 00 00 00 00 00 00 00
%ymm12   00 00 00 00 00 00 00 00 00 00 00 00 00 00 00 00 00 00 00 00 00 00 00 00 00 00 00 00 00 00 00 00
%ymm13   00 00 00 00 00 00 00 00 00 00 00 00 00 00 00 00 00 00 00 00 00 00 00 00 00 00 00 00 00 00 00 00
%ymm14   00 00 00 00 00 00 00 00 00 00 00 00 00 00 00 00 00 00 00 00 00 00 00 00 00 00 00 00 00 00 00 00
%ymm15   00 00 00 00 00 00 00 00 00 00 00 00 00 00 00 00 00 00 00 00 00 00 00 00 00 00 00 00 00 00 00 00

%cf      0 
%1       1 
%pf      0 
%0       0 
%af      0 
%0       0 
%zf      0 
%sf      0 
%tf      0 
%if      1 
%df      0 
%of      0 
%iopl[0] 0 
%iopl[1] 0 
%nt      0 
%0       0 
%rf      0 
%vm      0 
%ac      0 
%vif     0 
%vip     0 
%id      0 

[ 00000007 00000000 - 00000007 00000000 ]
[ 0 valid rows shown ]

[ 00000000 4be00028 - 00000000 4be00000 ]
[ 2 valid rows shown ]

00000000 4be00020   . . . . v v v v   00 00 00 00 00 00 00 00 
00000000 4be00018   v v v v . . . .   ff ff ff 04 00 00 00 00 

[ 00000000 00000000 - 00000000 00000000 ]
[ 0 valid rows shown ]

0 more segment(s)


Testcase 2:

SIGNAL 0 [normal exit]

%rax     00 00 00 00 00 00 00 00
%rcx     00 00 00 00 00 00 00 00
%rdx     00 00 00 00 00 00 00 00
%rbx     00 00 00 00 00 00 00 00
%rsp     00 00 00 00 00 00 00 00
%rbp     00 00 00 00 00 00 00 00
%rsi     00 00 00 00 80 00 00 00
%rdi     00 00 00 00 7f ff ff ff
%r8      00 00 00 00 00 00 00 00
%r9      00 00 00 00 00 00 00 00
%r10     00 00 00 00 00 00 00 00
%r11     00 00 00 00 00 00 00 00
%r12     00 00 00 00 00 00 00 00
%r13     00 00 00 00 00 00 00 00
%r14     00 00 00 00 00 00 00 00
%r15     ff ff ff ff 80 00 01 0d

%ymm0    00 00 00 00 00 00 00 00 00 00 00 00 00 00 00 00 00 00 00 00 00 00 00 00 00 00 00 00 00 00 00 00
%ymm1    00 00 00 00 00 00 00 00 00 00 00 00 00 00 00 00 00 00 00 00 00 00 00 00 00 00 00 00 00 00 00 00
%ymm2    00 00 00 00 00 00 00 00 00 00 00 00 00 00 00 00 00 00 00 00 00 00 00 00 00 00 00 00 00 00 00 00
%ymm3    00 00 00 00 00 00 00 00 00 00 00 00 00 00 00 00 00 00 00 00 00 00 00 00 00 00 00 00 00 00 00 00
%ymm4    00 00 00 00 00 00 00 00 00 00 00 00 00 00 00 00 00 00 00 00 00 00 00 00 00 00 00 00 00 00 00 00
%ymm5    00 00 00 00 00 00 00 00 00 00 00 00 00 00 00 00 00 00 00 00 00 00 00 00 00 00 00 00 00 00 00 00
%ymm6    00 00 00 00 00 00 00 00 00 00 00 00 00 00 00 00 00 00 00 00 00 00 00 00 00 00 00 00 00 00 00 00
%ymm7    00 00 00 00 00 00 00 00 00 00 00 00 00 00 00 00 00 00 00 00 00 00 00 00 00 00 00 00 00 00 00 00
%ymm8    00 00 00 00 00 00 00 00 00 00 00 00 00 00 00 00 00 00 00 00 00 00 00 00 00 00 00 00 00 00 00 00
%ymm9    00 00 00 00 00 00 00 00 00 00 00 00 00 00 00 00 00 00 00 00 00 00 00 00 00 00 00 00 00 00 00 00
%ymm10   00 00 00 00 00 00 00 00 00 00 00 00 00 00 00 00 00 00 00 00 00 00 00 00 00 00 00 00 00 00 00 00
%ymm11   00 00 00 00 00 00 00 00 00 00 00 00 00 00 00 00 00 00 00 00 00 00 00 00 00 00 00 00 00 00 00 00
%ymm12   00 00 00 00 00 00 00 00 00 00 00 00 00 00 00 00 00 00 00 00 00 00 00 00 00 00 00 00 00 00 00 00
%ymm13   00 00 00 00 00 00 00 00 00 00 00 00 00 00 00 00 00 00 00 00 00 00 00 00 00 00 00 00 00 00 00 00
%ymm14   00 00 00 00 00 00 00 00 00 00 00 00 00 00 00 00 00 00 00 00 00 00 00 00 00 00 00 00 00 00 00 00
%ymm15   00 00 00 00 00 00 00 00 00 00 00 00 00 00 00 00 00 00 00 00 00 00 00 00 00 00 00 00 00 00 00 00

%cf      0 
%1       1 
%pf      0 
%0       0 
%af      0 
%0       0 
%zf      0 
%sf      0 
%tf      0 
%if      1 
%df      0 
%of      0 
%iopl[0] 0 
%iopl[1] 0 
%nt      0 
%0       0 
%rf      0 
%vm      0 
%ac      0 
%vif     0 
%vip     0 
%id      0 

[ 00000007 00000000 - 00000007 00000000 ]
[ 0 valid rows shown ]

[ 00000000 00000118 - 00000000 00000100 ]
[ 2 valid rows shown ]

00000000 00000110   . . . . v v v v   00 00 00 00 80 00 00 00 
00000000 00000108   v v v v . . . .   40 00 00 00 00 00 00 00 

[ 00000000 00000000 - 00000000 00000000 ]
[ 0 valid rows shown ]

0 more segment(s)


Testcase 3:

SIGNAL 0 [normal exit]

%rax     00 00 00 00 00 00 00 00
%rcx     00 00 00 00 00 00 00 00
%rdx     00 00 00 00 00 00 00 00
%rbx     00 00 00 00 00 00 00 00
%rsp     00 00 00 00 00 00 00 00
%rbp     00 00 00 00 00 00 00 00
%rsi     00 00 00 00 80 00 00 00
%rdi     00 00 00 00 c0 00 f8 00
%r8      00 00 00 00 00 00 00 00
%r9      00 00 00 00 00 00 00 00
%r10     00 00 00 00 00 00 00 00
%r11     00 00 00 00 00 00 00 00
%r12     00 00 00 00 00 00 00 00
%r13     00 00 00 00 00 00 00 00
%r14     00 00 00 00 00 00 00 00
%r15     fb ff ff ff ff e6 d1 38

%ymm0    00 00 00 00 00 00 00 00 00 00 00 00 00 00 00 00 00 00 00 00 00 00 00 00 00 00 00 00 00 00 00 00
%ymm1    00 00 00 00 00 00 00 00 00 00 00 00 00 00 00 00 00 00 00 00 00 00 00 00 00 00 00 00 00 00 00 00
%ymm2    00 00 00 00 00 00 00 00 00 00 00 00 00 00 00 00 00 00 00 00 00 00 00 00 00 00 00 00 00 00 00 00
%ymm3    00 00 00 00 00 00 00 00 00 00 00 00 00 00 00 00 00 00 00 00 00 00 00 00 00 00 00 00 00 00 00 00
%ymm4    00 00 00 00 00 00 00 00 00 00 00 00 00 00 00 00 00 00 00 00 00 00 00 00 00 00 00 00 00 00 00 00
%ymm5    00 00 00 00 00 00 00 00 00 00 00 00 00 00 00 00 00 00 00 00 00 00 00 00 00 00 00 00 00 00 00 00
%ymm6    00 00 00 00 00 00 00 00 00 00 00 00 00 00 00 00 00 00 00 00 00 00 00 00 00 00 00 00 00 00 00 00
%ymm7    00 00 00 00 00 00 00 00 00 00 00 00 00 00 00 00 00 00 00 00 00 00 00 00 00 00 00 00 00 00 00 00
%ymm8    00 00 00 00 00 00 00 00 00 00 00 00 00 00 00 00 00 00 00 00 00 00 00 00 00 00 00 00 00 00 00 00
%ymm9    00 00 00 00 00 00 00 00 00 00 00 00 00 00 00 00 00 00 00 00 00 00 00 00 00 00 00 00 00 00 00 00
%ymm10   00 00 00 00 00 00 00 00 00 00 00 00 00 00 00 00 00 00 00 00 00 00 00 00 00 00 00 00 00 00 00 00
%ymm11   00 00 00 00 00 00 00 00 00 00 00 00 00 00 00 00 00 00 00 00 00 00 00 00 00 00 00 00 00 00 00 00
%ymm12   00 00 00 00 00 00 00 00 00 00 00 00 00 00 00 00 00 00 00 00 00 00 00 00 00 00 00 00 00 00 00 00
%ymm13   00 00 00 00 00 00 00 00 00 00 00 00 00 00 00 00 00 00 00 00 00 00 00 00 00 00 00 00 00 00 00 00
%ymm14   00 00 00 00 00 00 00 00 00 00 00 00 00 00 00 00 00 00 00 00 00 00 00 00 00 00 00 00 00 00 00 00
%ymm15   00 00 00 00 00 00 00 00 00 00 00 00 00 00 00 00 00 00 00 00 00 00 00 00 00 00 00 00 00 00 00 00

%cf      0 
%1       1 
%pf      0 
%0       0 
%af      0 
%0       0 
%zf      0 
%sf      0 
%tf      0 
%if      1 
%df      0 
%of      0 
%iopl[0] 0 
%iopl[1] 0 
%nt      0 
%0       0 
%rf      0 
%vm      0 
%ac      0 
%vif     0 
%vip     0 
%id      0 

[ 00000007 00000000 - 00000007 00000000 ]
[ 0 valid rows shown ]

[ fc000000 bfe7c940 - fc000000 bfe7c920 ]
[ 1 valid rows shown ]

fc000000 bfe7c938   . . . . v v v v   00 00 00 00 80 00 00 00 

[ 00000000 00000000 - 00000000 00000000 ]
[ 0 valid rows shown ]

0 more segment(s)
