0,12,9,14,11,10,9,16,20,10,5,10,10,13,10,7,13
1,18,20,6,11,17,11,10,12,4,13,11,8,8,11,10
2,13,10,5,2,20,9,20,5,9,18,9,20,12,17,5,6
3,6,5,15,9,7,12,8,5,6,20,4,9,4,11,6,10,9,8,7
4,20,3,2,6,6,9,5,3,2,2,20,20,9,1,5,8,8,3
5,7,9,20,6,8,7,16,13,20,10,10
6,5,8,12,5,1,7,12,12,2,8,7,1,20,20,6,8
7,20,4,2,3,7,6,5,3,9,6,7,1,3,20,7,11,7,11
8,2,4,7,3,3,6,3,20,4,20,3,3,7,7,5,1,8,2,6,1,8,2,6
9,7,3,20,5,20,4,4,5,1,4,12,6,20
10,5,7,2,4,4,7,2,2,7,6,8,20,20,12,7,3,7
11,4,5,8,1,2,7,5,6,3,4,8,6,9,5,1,4,1,3,4,6,6,5
12,20,5,6,2,6,9,20,11,6,3,5,3,1,20
13,8,13,5,20,7,7,6,4,2,9,4,1,20,9
14,4,4,5,1,4,6,20,5,6,9,1,3,2,7,8,5,1,6,3,5,5,4
15,10,8,3,5,6,3,7,6,4,2,7,3,7,20,3,10
