12 0
9 0
14 0
11 0
10 0
9 0
16 0
20 0
10 0
5 0
10 0
10 0
13 0
10 0
7 0
13 0
18 1
20 1
6 1
11 1
17 1
11 1
10 1
12 1
4 1
13 1
11 1
8 1
8 1
11 1
10 1
13 2
10 2
5 2
2 2
20 2
9 2
20 2
5 2
9 2
18 2
9 2
20 2
12 2
17 2
5 2
6 2
6 3
5 3
15 3
9 3
7 3
12 3
8 3
5 3
6 3
20 3
4 3
9 3
4 3
11 3
6 3
10 3
9 3
8 3
7 3
20 4
3 4
2 4
6 4
6 4
9 4
5 4
3 4
2 4
2 4
20 4
20 4
9 4
1 4
5 4
8 4
8 4
3 4
9 5
7 5
9 5
20 5
6 5
8 5
7 5
16 5
13 5
20 5
10 5
10 5
5 6
8 6
12 6
5 6
1 6
7 6
12 6
12 6
2 6
8 6
7 6
1 6
20 6
20 6
6 6
8 6
20 7
4 7
2 7
3 7
7 7
6 7
5 7
3 7
9 7
6 7
7 7
1 7
3 7
20 7
7 7
11 7
7 7
11 7
2 8
4 8
7 8
3 8
3 8
6 8
3 8
20 8
4 8
20 8
3 8
3 8
7 8
7 8
6 8
5 8
1 8
8 8
2 8
6 8
1 8
8 8
2 8
6 8
7 9
3 9
20 9
5 9
20 9
4 9
4 9
5 9
1 9
4 9
12 9
6 9
20 9
5 10
7 10
2 10
4 10
4 10
7 10
2 10
2 10
7 10
6 10
8 10
20 10
20 10
12 10
7 10
3 10
7 10
4 11
5 11
8 11
1 11
2 11
7 11
5 11
6 11
3 11
4 11
8 11
6 11
9 11
5 11
1 11
4 11
1 11
3 11
4 11
6 11
6 11
5 11
20 12
5 12
6 12
2 12
6 12
9 12
20 12
11 12
6 12
3 12
5 12
3 12
1 12
20 12
8 13
13 13
5 13
20 13
7 13
7 13
6 13
4 13
2 13
9 13
4 13
1 13
20 13
9 13
4 14
4 14
5 14
1 14
4 14
6 14
20 14
5 14
6 14
9 14
1 14
3 14
2 14
7 14
8 14
5 14
1 14
6 14
3 14
5 14
5 14
4 14
10 15
8 15
3 15
5 15
6 15
3 15
7 15
6 15
4 15
2 15
7 15
3 15
7 15
20 15
3 15
10 15
