Testcase 0:

SIGNAL 0 [normal exit]

%rax     00 00 00 00 00 00 00 00
%rcx     00 00 00 00 00 00 00 00
%rdx     00 00 00 00 00 00 00 00
%rbx     00 00 00 00 00 00 00 00
%rsp     00 00 00 00 00 00 00 00
%rbp     00 00 00 00 00 00 00 00
%rsi     00 00 00 00 81 55 55 5b
%rdi     00 00 00 00 ff ff ff fb
%r8      00 00 00 00 00 00 00 00
%r9      00 00 00 00 00 00 00 00
%r10     00 00 00 00 00 00 00 00
%r11     00 00 00 00 00 00 00 00
%r12     00 00 00 00 00 00 00 00
%r13     00 00 00 00 00 00 00 00
%r14     00 00 00 00 00 00 00 00
%r15     ff ff ff ff aa aa aa a1

%ymm0    00 00 00 00 00 00 00 00 00 00 00 00 00 00 00 00 00 00 00 00 00 00 00 00 00 00 00 00 00 00 00 00
%ymm1    00 00 00 00 00 00 00 00 00 00 00 00 00 00 00 00 00 00 00 00 00 00 00 00 00 00 00 00 00 00 00 00
%ymm2    00 00 00 00 00 00 00 00 00 00 00 00 00 00 00 00 00 00 00 00 00 00 00 00 00 00 00 00 00 00 00 00
%ymm3    00 00 00 00 00 00 00 00 00 00 00 00 00 00 00 00 00 00 00 00 00 00 00 00 00 00 00 00 00 00 00 00
%ymm4    00 00 00 00 00 00 00 00 00 00 00 00 00 00 00 00 00 00 00 00 00 00 00 00 00 00 00 00 00 00 00 00
%ymm5    00 00 00 00 00 00 00 00 00 00 00 00 00 00 00 00 00 00 00 00 00 00 00 00 00 00 00 00 00 00 00 00
%ymm6    00 00 00 00 00 00 00 00 00 00 00 00 00 00 00 00 00 00 00 00 00 00 00 00 00 00 00 00 00 00 00 00
%ymm7    00 00 00 00 00 00 00 00 00 00 00 00 00 00 00 00 00 00 00 00 00 00 00 00 00 00 00 00 00 00 00 00
%ymm8    00 00 00 00 00 00 00 00 00 00 00 00 00 00 00 00 00 00 00 00 00 00 00 00 00 00 00 00 00 00 00 00
%ymm9    00 00 00 00 00 00 00 00 00 00 00 00 00 00 00 00 00 00 00 00 00 00 00 00 00 00 00 00 00 00 00 00
%ymm10   00 00 00 00 00 00 00 00 00 00 00 00 00 00 00 00 00 00 00 00 00 00 00 00 00 00 00 00 00 00 00 00
%ymm11   00 00 00 00 00 00 00 00 00 00 00 00 00 00 00 00 00 00 00 00 00 00 00 00 00 00 00 00 00 00 00 00
%ymm12   00 00 00 00 00 00 00 00 00 00 00 00 00 00 00 00 00 00 00 00 00 00 00 00 00 00 00 00 00 00 00 00
%ymm13   00 00 00 00 00 00 00 00 00 00 00 00 00 00 00 00 00 00 00 00 00 00 00 00 00 00 00 00 00 00 00 00
%ymm14   00 00 00 00 00 00 00 00 00 00 00 00 00 00 00 00 00 00 00 00 00 00 00 00 00 00 00 00 00 00 00 00
%ymm15   00 00 00 00 00 00 00 00 00 00 00 00 00 00 00 00 00 00 00 00 00 00 00 00 00 00 00 00 00 00 00 00

%cf      0 
%1       1 
%pf      0 
%0       0 
%af      0 
%0       0 
%zf      0 
%sf      0 
%tf      0 
%if      1 
%df      0 
%of      0 
%iopl[0] 0 
%iopl[1] 0 
%nt      0 
%0       0 
%rf      0 
%vm      0 
%ac      0 
%vif     0 
%vip     0 
%id      0 

[ 00000000 aaaaaaa8 - 00000000 aaaaaa80 ]
[ 2 valid rows shown ]

00000000 aaaaaaa0   . . . . v v v v   00 00 00 00 00 00 00 00 
00000000 aaaaaa98   v v v v . . . .   00 00 00 00 00 00 00 00 

[ 00000000 2c000008 - 00000000 2bffffe0 ]
[ 2 valid rows shown ]

00000000 2c000000   . . . . v v v v   00 00 00 00 00 00 00 00 
00000000 2bfffff8   v v v v . . . .   80 00 00 00 00 00 00 00 

[ 00000000 00000000 - 00000000 00000000 ]
[ 0 valid rows shown ]

0 more segment(s)


Testcase 1:

SIGNAL 0 [normal exit]

%rax     00 00 00 00 00 00 00 00
%rcx     00 00 00 00 00 00 00 00
%rdx     00 00 00 00 00 00 00 00
%rbx     00 00 00 00 00 00 00 00
%rsp     00 00 00 00 00 00 00 00
%rbp     00 00 00 00 00 00 00 00
%rsi     00 00 00 00 87 ff ff bf
%rdi     00 00 00 00 bf ff ff 7a
%r8      00 00 00 00 00 00 00 00
%r9      00 00 00 00 00 00 00 00
%r10     00 00 00 00 00 00 00 00
%r11     00 00 00 00 00 00 00 00
%r12     00 00 00 00 00 00 00 00
%r13     00 00 00 00 00 00 00 00
%r14     00 00 00 00 00 00 00 00
%r15     08 02 20 07 38 00 00 3e

%ymm0    00 00 00 00 00 00 00 00 00 00 00 00 00 00 00 00 00 00 00 00 00 00 00 00 00 00 00 00 00 00 00 00
%ymm1    00 00 00 00 00 00 00 00 00 00 00 00 00 00 00 00 00 00 00 00 00 00 00 00 00 00 00 00 00 00 00 00
%ymm2    00 00 00 00 00 00 00 00 00 00 00 00 00 00 00 00 00 00 00 00 00 00 00 00 00 00 00 00 00 00 00 00
%ymm3    00 00 00 00 00 00 00 00 00 00 00 00 00 00 00 00 00 00 00 00 00 00 00 00 00 00 00 00 00 00 00 00
%ymm4    00 00 00 00 00 00 00 00 00 00 00 00 00 00 00 00 00 00 00 00 00 00 00 00 00 00 00 00 00 00 00 00
%ymm5    00 00 00 00 00 00 00 00 00 00 00 00 00 00 00 00 00 00 00 00 00 00 00 00 00 00 00 00 00 00 00 00
%ymm6    00 00 00 00 00 00 00 00 00 00 00 00 00 00 00 00 00 00 00 00 00 00 00 00 00 00 00 00 00 00 00 00
%ymm7    00 00 00 00 00 00 00 00 00 00 00 00 00 00 00 00 00 00 00 00 00 00 00 00 00 00 00 00 00 00 00 00
%ymm8    00 00 00 00 00 00 00 00 00 00 00 00 00 00 00 00 00 00 00 00 00 00 00 00 00 00 00 00 00 00 00 00
%ymm9    00 00 00 00 00 00 00 00 00 00 00 00 00 00 00 00 00 00 00 00 00 00 00 00 00 00 00 00 00 00 00 00
%ymm10   00 00 00 00 00 00 00 00 00 00 00 00 00 00 00 00 00 00 00 00 00 00 00 00 00 00 00 00 00 00 00 00
%ymm11   00 00 00 00 00 00 00 00 00 00 00 00 00 00 00 00 00 00 00 00 00 00 00 00 00 00 00 00 00 00 00 00
%ymm12   00 00 00 00 00 00 00 00 00 00 00 00 00 00 00 00 00 00 00 00 00 00 00 00 00 00 00 00 00 00 00 00
%ymm13   00 00 00 00 00 00 00 00 00 00 00 00 00 00 00 00 00 00 00 00 00 00 00 00 00 00 00 00 00 00 00 00
%ymm14   00 00 00 00 00 00 00 00 00 00 00 00 00 00 00 00 00 00 00 00 00 00 00 00 00 00 00 00 00 00 00 00
%ymm15   00 00 00 00 00 00 00 00 00 00 00 00 00 00 00 00 00 00 00 00 00 00 00 00 00 00 00 00 00 00 00 00

%cf      0 
%1       1 
%pf      0 
%0       0 
%af      0 
%0       0 
%zf      0 
%sf      0 
%tf      0 
%if      1 
%df      0 
%of      0 
%iopl[0] 0 
%iopl[1] 0 
%nt      0 
%0       0 
%rf      0 
%vm      0 
%ac      0 
%vif     0 
%vip     0 
%id      0 

[ 08022007 f7ffffc8 - 08022007 f7ffffa0 ]
[ 2 valid rows shown ]

08022007 f7ffffc0   . . . . v v v v   00 00 00 00 00 00 00 00 
08022007 f7ffffb8   v v v v v v v v   00 00 00 00 00 00 00 00 

[ 08022007 c0000010 - 08022007 bfffffe0 ]
[ 3 valid rows shown ]

08022007 c0000008   . . . . . . . v   00 00 00 00 00 00 00 00 
08022007 c0000000   v v v v v v v v   00 00 00 40 00 00 00 40 
08022007 bffffff8   v v v . . . . .   00 00 00 00 00 00 00 00 

[ 00000000 00000000 - 00000000 00000000 ]
[ 0 valid rows shown ]

0 more segment(s)


Testcase 2:

SIGNAL 0 [normal exit]

%rax     00 00 00 00 00 00 00 00
%rcx     00 00 00 00 00 00 00 00
%rdx     00 00 00 00 00 00 00 00
%rbx     00 00 00 00 00 00 00 00
%rsp     00 00 00 00 00 00 00 00
%rbp     00 00 00 00 00 00 00 00
%rsi     00 00 00 00 02 4c ae 87
%rdi     00 00 00 00 00 00 6e 85
%r8      00 00 00 00 00 00 00 00
%r9      00 00 00 00 00 00 00 00
%r10     00 00 00 00 00 00 00 00
%r11     00 00 00 00 00 00 00 00
%r12     00 00 00 00 00 00 00 00
%r13     00 00 00 00 00 00 00 00
%r14     00 00 00 00 00 00 00 00
%r15     bf ff ff ff 0d b2 11 77

%ymm0    00 00 00 00 00 00 00 00 00 00 00 00 00 00 00 00 00 00 00 00 00 00 00 00 00 00 00 00 00 00 00 00
%ymm1    00 00 00 00 00 00 00 00 00 00 00 00 00 00 00 00 00 00 00 00 00 00 00 00 00 00 00 00 00 00 00 00
%ymm2    00 00 00 00 00 00 00 00 00 00 00 00 00 00 00 00 00 00 00 00 00 00 00 00 00 00 00 00 00 00 00 00
%ymm3    00 00 00 00 00 00 00 00 00 00 00 00 00 00 00 00 00 00 00 00 00 00 00 00 00 00 00 00 00 00 00 00
%ymm4    00 00 00 00 00 00 00 00 00 00 00 00 00 00 00 00 00 00 00 00 00 00 00 00 00 00 00 00 00 00 00 00
%ymm5    00 00 00 00 00 00 00 00 00 00 00 00 00 00 00 00 00 00 00 00 00 00 00 00 00 00 00 00 00 00 00 00
%ymm6    00 00 00 00 00 00 00 00 00 00 00 00 00 00 00 00 00 00 00 00 00 00 00 00 00 00 00 00 00 00 00 00
%ymm7    00 00 00 00 00 00 00 00 00 00 00 00 00 00 00 00 00 00 00 00 00 00 00 00 00 00 00 00 00 00 00 00
%ymm8    00 00 00 00 00 00 00 00 00 00 00 00 00 00 00 00 00 00 00 00 00 00 00 00 00 00 00 00 00 00 00 00
%ymm9    00 00 00 00 00 00 00 00 00 00 00 00 00 00 00 00 00 00 00 00 00 00 00 00 00 00 00 00 00 00 00 00
%ymm10   00 00 00 00 00 00 00 00 00 00 00 00 00 00 00 00 00 00 00 00 00 00 00 00 00 00 00 00 00 00 00 00
%ymm11   00 00 00 00 00 00 00 00 00 00 00 00 00 00 00 00 00 00 00 00 00 00 00 00 00 00 00 00 00 00 00 00
%ymm12   00 00 00 00 00 00 00 00 00 00 00 00 00 00 00 00 00 00 00 00 00 00 00 00 00 00 00 00 00 00 00 00
%ymm13   00 00 00 00 00 00 00 00 00 00 00 00 00 00 00 00 00 00 00 00 00 00 00 00 00 00 00 00 00 00 00 00
%ymm14   00 00 00 00 00 00 00 00 00 00 00 00 00 00 00 00 00 00 00 00 00 00 00 00 00 00 00 00 00 00 00 00
%ymm15   00 00 00 00 00 00 00 00 00 00 00 00 00 00 00 00 00 00 00 00 00 00 00 00 00 00 00 00 00 00 00 00

%cf      0 
%1       1 
%pf      0 
%0       0 
%af      0 
%0       0 
%zf      0 
%sf      0 
%tf      0 
%if      1 
%df      0 
%of      0 
%iopl[0] 0 
%iopl[1] 0 
%nt      0 
%0       0 
%rf      0 
%vm      0 
%ac      0 
%vif     0 
%vip     0 
%id      0 

[ bfffffff 0ffec008 - bfffffff 0ffebfe0 ]
[ 2 valid rows shown ]

bfffffff 0ffec000   . . . . . . v v   00 00 00 00 00 00 00 00 
bfffffff 0ffebff8   v v . . . . . .   00 00 00 00 00 00 00 00 

[ bfffffff 0db28000 - bfffffff 0db27fe0 ]
[ 1 valid rows shown ]

bfffffff 0db27ff8   v v v v . . . .   00 00 00 00 00 00 00 00 

[ 00000000 00000000 - 00000000 00000000 ]
[ 0 valid rows shown ]

0 more segment(s)
