333
188
187
186
185
325
180
178
177
121
120
310
165
164
163
162
160
140
337
192
191
190
189
187
165
164
143
142
140
337
192
191
190
189
187
166
164
141
337
192
191
190
189
166
141
337
193
192
191
190
187
164
141
140
337
192
191
190
189
187
330
185
184
183
182
180
330
185
184
183
182
180
323
178
177
176
175
173
311
187
186
185
184
182
165
164
162
161
311
166
165
164
163
161
145
144
143
142
123
311
166
165
164
163
161
311
166
165
164
163
161
311
166
165
164
163
161
142
123
311
166
165
164
163
161
144
311
166
165
164
163
161
143
311
166
165
164
163
161
142
123
311
166
165
164
162
161
144
143
142
123
311
166
165
164
163
162
144
143
142
124
123
122
111
110
109
108
107
106
