540 2
1298 2
517 2
1232 2
71763 2
518 2
1340 2
1082 2
1014 2
1398 2
517 2
1265 2
1037 2
450 2
1193 2
1337 2
1336 2
347 2
1338 2
1048 2
107681 2
97888 2
347 2
1086 2
517 2
1095 2
1345 2
1319 2
1039 2
76889 2
1338 2
1341 2
1346 2
414 2
528 2
516 2
439 2
354 2
559 2
518 2
517 2
518 2
527 2
367 2
528 2
518 2
511 2
521 2
1310 2
347 2
1337 2
1328 2
1217 2
540 4
1298 4
517 4
1232 4
71763 4
518 4
1340 4
1082 4
1014 4
1398 4
517 4
1265 4
1037 4
450 4
1193 4
1337 4
1336 4
347 4
1338 4
1048 4
107681 4
97888 4
347 4
1086 4
517 4
1095 4
1345 4
1319 4
1039 4
76889 4
1338 4
1341 4
1346 4
414 4
528 4
516 4
439 4
354 4
559 4
518 4
517 4
518 4
527 4
367 4
528 4
518 4
511 4
521 4
1310 4
347 4
1337 4
1328 4
1217 4
540 6
1298 6
517 6
1232 6
71763 6
518 6
1340 6
1082 6
1014 6
1398 6
517 6
1265 6
1037 6
450 6
1193 6
1337 6
1336 6
347 6
1338 6
1048 6
107681 6
97888 6
347 6
1086 6
517 6
1095 6
1345 6
1319 6
1039 6
76889 6
1338 6
1341 6
1346 6
414 6
528 6
516 6
439 6
354 6
559 6
518 6
517 6
518 6
527 6
367 6
528 6
518 6
511 6
521 6
1310 6
347 6
1337 6
1328 6
1217 6
540 8
1298 8
517 8
1232 8
71763 8
518 8
1340 8
1082 8
1014 8
1398 8
517 8
1265 8
1037 8
450 8
1193 8
1337 8
1336 8
347 8
1338 8
1048 8
107681 8
97888 8
347 8
1086 8
517 8
1095 8
1345 8
1319 8
1039 8
76889 8
1338 8
1341 8
1346 8
414 8
528 8
516 8
439 8
354 8
559 8
518 8
517 8
518 8
527 8
367 8
528 8
518 8
511 8
521 8
1310 8
347 8
1337 8
1328 8
1217 8
540 10
1298 10
517 10
1232 10
71763 10
518 10
1340 10
1082 10
1014 10
1398 10
517 10
1265 10
1037 10
450 10
1193 10
1337 10
1336 10
347 10
1338 10
1048 10
107681 10
97888 10
347 10
1086 10
517 10
1095 10
1345 10
1319 10
1039 10
76889 10
1338 10
1341 10
1346 10
414 10
528 10
516 10
439 10
354 10
559 10
518 10
517 10
518 10
527 10
367 10
528 10
518 10
511 10
521 10
1310 10
347 10
1337 10
1328 10
1217 10
540 12
1298 12
517 12
1232 12
71763 12
518 12
1340 12
1082 12
1014 12
1398 12
517 12
1265 12
1037 12
450 12
1193 12
1337 12
1336 12
347 12
1338 12
1048 12
107681 12
97888 12
347 12
1086 12
517 12
1095 12
1345 12
1319 12
1039 12
76889 12
1338 12
1341 12
1346 12
414 12
528 12
516 12
439 12
354 12
559 12
518 12
517 12
518 12
527 12
367 12
528 12
518 12
511 12
521 12
1310 12
347 12
1337 12
1328 12
1217 12
540 14
1298 14
517 14
1232 14
71763 14
518 14
1340 14
1082 14
1014 14
1398 14
517 14
1265 14
1037 14
450 14
1193 14
1337 14
1336 14
347 14
1338 14
1048 14
107681 14
97888 14
347 14
1086 14
517 14
1095 14
1345 14
1319 14
1039 14
76889 14
1338 14
1341 14
1346 14
414 14
528 14
516 14
439 14
354 14
559 14
518 14
517 14
518 14
527 14
367 14
528 14
518 14
511 14
521 14
1310 14
347 14
1337 14
1328 14
1217 14
540 16
1298 16
517 16
1232 16
71763 16
518 16
1340 16
1082 16
1014 16
1398 16
517 16
1265 16
1037 16
450 16
1193 16
1337 16
1336 16
347 16
1338 16
1048 16
107681 16
97888 16
347 16
1086 16
517 16
1095 16
1345 16
1319 16
1039 16
76889 16
1338 16
1341 16
1346 16
414 16
528 16
516 16
439 16
354 16
559 16
518 16
517 16
518 16
527 16
367 16
528 16
518 16
511 16
521 16
1310 16
347 16
1337 16
1328 16
1217 16
540 18
1298 18
517 18
1232 18
71763 18
518 18
1340 18
1082 18
1014 18
1398 18
517 18
1265 18
1037 18
450 18
1193 18
1337 18
1336 18
347 18
1338 18
1048 18
107681 18
97888 18
347 18
1086 18
517 18
1095 18
1345 18
1319 18
1039 18
76889 18
1338 18
1341 18
1346 18
414 18
528 18
516 18
439 18
354 18
559 18
518 18
517 18
518 18
527 18
367 18
528 18
518 18
511 18
521 18
1310 18
347 18
1337 18
1328 18
1217 18
540 20
1298 20
517 20
1232 20
71763 20
518 20
1340 20
1082 20
1014 20
1398 20
517 20
1265 20
1037 20
450 20
1193 20
1337 20
1336 20
347 20
1338 20
1048 20
107681 20
97888 20
347 20
1086 20
517 20
1095 20
1345 20
1319 20
1039 20
76889 20
1338 20
1341 20
1346 20
414 20
528 20
516 20
439 20
354 20
559 20
518 20
517 20
518 20
527 20
367 20
528 20
518 20
511 20
521 20
1310 20
347 20
1337 20
1328 20
1217 20
